TOW	Sat1	Sat2	Sat3	Sat4	Sat5	Sat6	Sat7	Sat8	Sat9	Sat10	Sat11	Sat12	Sat13	Sat14	Sat15	Sat16	Sat17	Sat18	Sat19	Sat20	Sat21	Sat22	Sat23	Sat24	Sat25	Sat26	Sat27	Sat28	Sat29	Sat30	Sat31	Sat32
131419	0	0	0	0	0	0	0	0	0	0	0	0	0	0	0	0	0	0	0	0	0	0	0	0	0	0	0	0	0	0	0	0
131420	0	0	0	0	0	0	0	0	0	0	0	0	0	0	0	0	0	0	0	0	0	0	0	0	0	0	0	0	0	0	0	0
131421	0	0	0	0	0	0	0	0	0	0	0	0	0	0	0	0	0	0	0	0	0	0	0	0	0	0	0	0	0	0	0	0
131422	0	0	0	0	0	0	0	0	0	0	0	0	0	0	0	0	0	0	0	0	0	0	0	0	0	0	0	0	0	0	0	0
131423	0	0	0	0	0	0	0	0	0	0	0	0	0	0	0	0	0	0	0	0	0	0	0	0	0	0	0	0	0	0	0	0
131424	0	0	0	0	0	0	0	0	0	0	0	0	0	0	0	0	0	0	0	0	0	0	0	0	0	0	0	0	0	0	0	0
131425	0	0	0	0	0	0	0	0	0	0	0	0	0	0	0	0	0	0	0	0	0	0	0	0	0	0	0	0	0	0	0	0
131426	0	0	0	0	0	0	0	0	0	0	0	0	0	0	0	0	0	0	0	0	0	0	0	0	0	0	0	0	0	0	0	0
131427	0	0	0	0	0	0	0	0	0	0	0	0	0	0	0	0	0	0	0	0	0	0	0	0	0	0	0	0	0	0	0	0
131428	0	0	0	0	0	0	0	0	0	0	0	0	0	0	0	0	0	0	0	0	0	0	0	0	0	0	0	0	0	0	0	0
131429	0	0	0	0	0	0	0	0	0	0	0	0	0	0	0	0	0	0	0	0	0	0	0	0	0	0	0	0	0	0	0	0
131430	0	0	0	0	0	0	0	0	0	0	0	0	0	0	0	0	0	0	0	0	0	0	0	0	0	0	0	0	0	0	0	0
131431	0	0	0	0	0	0	0	0	0	0	0	0	0	0	0	0	0	0	0	0	0	0	0	0	0	0	0	0	0	0	0	0
131432	0	0	0	0	0	0	0	0	0	0	0	0	0	0	0	0	0	0	0	0	0	0	0	0	0	0	0	0	0	0	0	0
131433	0	0	0	0	0	0	0	0	0	0	0	0	0	0	0	0	0	0	0	0	0	0	0	0	0	0	0	0	0	0	0	0
131434	0	0	0	0	0	0	0	0	0	0	0	0	0	0	0	0	0	0	0	0	0	0	0	0	0	0	0	0	0	0	0	0
131435	0	0	0	0	0	0	0	0	0	0	0	0	0	0	0	0	0	0	0	0	0	0	0	0	0	0	0	0	0	0	0	0
131436	0	0	0	0	0	0	0	0	0	0	0	0	0	0	0	0	0	0	0	0	0	0	0	0	0	0	0	0	0	0	0	0
131437	0	0	0	0	0	0	0	0	0	0	0	0	0	0	0	0	0	0	0	0	0	0	0	0	0	0	0	0	0	0	0	0
131438	0	0	0	0	0	0	0	0	0	0	0	0	0	0	0	0	0	0	0	0	0	0	0	0	0	0	0	0	0	0	0	0
131439	0	0	0	0	0	0	0	0	0	0	0	0	0	0	0	0	0	0	0	0	0	0	0	0	0	0	0	0	0	0	0	0
131440	0	0	0	0	0	0	0	0	0	0	0	0	0	0	0	0	0	0	0	0	0	0	0	0	0	0	0	0	0	0	0	0
131441	0	0	0	0	0	0	0	0	0	0	0	0	0	0	0	0	0	0	0	0	0	0	0	0	0	0	0	0	0	0	0	0
131442	0	0	0	0	0	0	0	0	0	0	0	0	0	0	0	0	0	0	0	0	0	0	0	0	0	0	0	0	0	0	0	0
131443	0	0	0	0	0	0	0	0	0	0	0	0	0	0	0	0	0	0	0	0	0	0	0	0	0	0	0	0	0	0	0	0
131444	0	0	0	0	0	0	0	0	0	0	0	0	0	0	0	0	0	0	0	0	0	0	0	0	0	0	0	0	0	0	0	0
131445	0	0	0	0	0	0	0	0	0	0	0	0	0	0	0	0	0	0	0	0	0	0	0	0	0	0	0	0	0	0	0	0
131446	0	0	0	0	0	0	0	0	0	0	0	0	0	0	0	0	0	0	0	0	0	0	0	0	0	0	0	0	0	0	0	0
131447	0	0	0	0	0	0	0	0	0	0	0	0	0	0	0	0	0	0	0	0	0	0	0	0	0	0	0	0	0	0	0	0
131448	0	0	0	0	0	0	0	0	0	0	0	0	0	0	0	0	0	0	0	0	0	0	0	0	0	0	0	0	0	0	0	0
131449	0	13.2556	0	0	0	0	0	0	0	0	0	15.8581	0	0	0	0	0	0	0	0	-9.9891	0	0	0	-0.0422885	0	0	0	0	0	0	-19.0823
131450	0	13.3297	0	0	0	0	0	0	0	0	0	15.9819	0	0	0	0	0	0	0	0	-10.6734	0	0	0	0.218295	0	0	0	0	0	0	-18.8564
131451	0	13.0869	0	0	0	0	0	0	0	0	0	15.5083	0	0	0	0	0	0	0	0	-9.97093	0	0	0	0.308121	0	0	0	0	0	0	-18.9324
131452	0	13.4714	0	0	0	0	0	0	0	0	0	15.2592	0	0	0	0	0	0	0	0	-10.1135	0	0	0	0.49069	0	0	0	0	0	0	-19.1079
131453	0	13.9021	0	0	0	0	0	0	0	0	0	15.3516	0	0	0	0	0	0	0	0	-11.5774	0	0	0	1.09232	0	0	0	0	0	0	-18.7686
131454	0	14.1171	0	0	0	0	0	0	0	0	0	15.5411	0	0	0	0	0	0	0	0	-13.1848	0	0	0	1.72912	0	0	0	0	0	0	-18.2025
131455	0	14.5179	0	0	0	0	0	0	0	0	0	15.313	0	0	0	0	0	0	0	0	-14.0458	0	0	0	2.02591	0	0	0	0	0	0	-17.811
131456	0	13.7782	0	0	0	0	0	0	0	0	0	14.3967	0	0	0	0	0	0	0	0	-11.0105	0	0	0	1.41556	0	0	0	0	0	0	-18.5801
131457	0	14.6517	0	0	0	0	0	0	0	0	0	14.8393	0	0	0	0	0	0	0	0	-14.0726	0	0	0	2.45104	0	0	0	0	0	0	-17.8694
131458	0	14.5277	0	0	0	0	0	0	0	0	0	14.4925	0	0	0	0	0	0	0	0	-12.7899	0	0	0	1.95467	0	0	0	0	0	0	-18.185
131459	0	13.6663	0	0	0	0	0	0	0	0	0	13.5727	0	0	0	0	0	0	0	0	-9.69444	0	0	0	1.40797	0	0	0	0	0	0	-18.9526
131460	0	14.2907	0	0	0	0	0	0	0	0	0	14.1374	0	0	0	0	0	0	0	0	-11.9076	0	0	0	1.9871	0	0	0	0	0	0	-18.5076
131461	0	14.4935	0	0	0	0	0	0	0	0	0	13.8953	0	0	0	0	0	0	0	0	-12.0706	0	0	0	2.07267	0	0	0	0	0	0	-18.3909
131462	0	15.3776	0	0	0	0	0	0	0	0	0	14.7607	0	0	0	0	0	0	0	0	-15.2841	0	0	0	2.79372	0	0	0	0	0	0	-17.6478
131463	0	15.5608	0	0	0	0	0	0	0	0	0	14.9327	0	0	0	0	0	0	0	0	-15.7495	0	0	0	2.6635	0	0	0	0	0	0	-17.4076
131464	0	15.7989	0	0	0	0	0	0	0	0	0	15.0012	0	0	0	0	0	0	0	0	-16.3755	0	0	0	2.81277	0	0	0	0	0	0	-17.2373
131465	0	14.9191	0	0	0	0	0	0	0	0	0	14.0727	0	0	0	0	0	0	0	0	-12.5939	0	0	0	1.77225	0	0	0	0	0	0	-18.1702
131466	0	15.1254	0	0	0	0	0	0	0	0	0	14.0894	0	0	0	0	0	0	0	0	-13.3598	0	0	0	1.97274	0	0	0	0	0	0	-17.8277
131467	0	15.0025	0	0	0	0	0	0	0	0	0	14.2993	0	0	0	0	0	0	0	0	-13.8676	0	0	0	2.28697	0	0	0	0	0	0	-17.7211
131468	0	14.917	0	0	0	0	0	0	0	0	0	13.8471	0	0	0	0	0	0	0	0	-12.9481	0	0	0	2.13907	0	0	0	0	0	0	-17.955
131469	0	14.6401	0	0	0	0	0	0	0	0	0	13.2548	0	0	0	0	0	0	0	0	-11.589	0	0	0	1.92867	0	0	0	0	0	0	-18.2346
131470	0	14.7182	0	0	0	0	0	0	0	0	0	13.7142	0	0	0	0	0	0	0	0	-12.7165	0	0	0	2.16706	0	0	0	0	0	0	-17.8829
131471	0	14.3606	0	0	0	0	0	0	0	0	0	13.4749	0	0	0	0	0	0	0	0	-12.017	0	0	0	2.0114	0	0	0	0	0	0	-17.8299
131472	0	14.3771	0	0	0	0	0	0	0	0	0	13.4253	0	0	0	0	0	0	0	0	-12.3279	0	0	0	2.40226	0	0	0	0	0	0	-17.8767
131473	0	17.1024	0	0	0	0	0	0	0	0	0	15.8564	0	-12.5199	0	0	0	0	0	0	-10.3024	0	0	0	5.00251	0	0	0	0	0	0	-15.139
131474	0	17.8291	0	0	0	0	0	0	0	0	0	16.2441	0	-12.0514	0	0	0	0	0	0	-12.6806	0	0	0	5.5324	0	0	0	0	0	0	-14.8737
131475	0	17.9037	0	0	0	0	0	0	0	0	0	16.1093	0	-11.8613	0	0	0	0	0	0	-13.2649	0	0	0	5.90544	0	0	0	0	0	0	-14.7922
131476	0	17.4948	0	0	0	0	0	0	0	0	0	15.4724	0	-12.1127	0	0	0	0	0	0	-11.1801	0	0	0	5.44398	0	0	0	0	0	0	-15.1184
131477	0	17.3659	0	0	0	0	0	0	0	0	0	15.5505	0	-12.2252	0	0	0	0	0	0	-11.2117	0	0	0	5.55712	0	0	0	0	0	0	-15.0366
131478	0	17.2784	0	0	0	0	0	0	0	0	0	15.7299	0	-12.0447	0	0	0	0	0	0	-11.9754	0	0	0	5.93659	0	0	0	0	0	0	-14.9249
131479	0	16.5706	0	0	0	0	0	0	0	0	0	15.1134	0	-12.2941	0	0	0	0	0	0	-11.4019	0	0	0	5.60652	0	0	0	0	0	1.53627	-15.1309
131480	0	16.872	0	0	0	0	0	0	0	0	0	15.374	0	-11.8761	0	0	0	0	0	0	-11.5961	0	0	0	6.31853	0	0	0	0	0	-0.334228	-14.7581
131481	0	16.7985	0	0	0	0	0	0	0	0	0	15.2674	0	-11.8607	0	0	0	0	0	0	-10.6874	0	0	0	6.46182	0	0	0	0	0	-1.15561	-14.824
131482	0	16.2593	0	0	0	0	0	0	0	0	0	14.5193	0	-10.1662	0	0	0	0	0	0	-9.02867	0	0	0	6.2508	0	0	0	0	0	-2.62425	-15.2102
131483	0	16.4521	0	0	0	0	0	0	0	0	0	14.6852	0	-10.1058	0	0	0	0	0	0	-12.1839	0	0	0	6.58664	0	0	0	0	0	-0.47981	-14.9545
131484	0	15.8313	0	0	0	0	0	0	0	0	0	13.9667	0	-8.39125	0	0	0	0	0	0	-11.6211	0	0	0	6.1157	0	0	0	0	0	-0.141798	-15.7595
131485	0	15.6122	0	0	0	0	0	0	0	0	0	14.0065	0	-6.41617	0	0	0	0	0	0	-14.92	0	0	0	6.411	0	0	0	0	0	0.922572	-15.616
131486	0	15.5579	0	0	0	0	0	0	0	0	0	13.9047	0	-10.6122	0	0	0	0	0	0	-9.92774	0	0	0	6.38939	0	0	0	0	0	0.365019	-15.677
131487	0	15.9527	0	0	0	0	0	0	0	0	0	13.9628	0	-8.77671	0	0	0	0	0	0	-11.6552	0	0	0	6.80621	0	0	0	0	0	-0.753723	-15.5362
131488	0	15.7658	0	0	0	0	0	0	0	0	0	13.6649	0	-6.67821	0	0	0	0	0	0	-14.5718	0	0	0	6.64811	0	0	0	0	0	0.714877	-15.5437
131489	0	14.5595	0	0	0	0	0	0	0	0	0	12.6433	0	-5.19047	0	0	0	0	0	0	-10.931	0	0	0	5.51248	0	0	0	0	0	-0.238616	-16.3553
131490	0	14.4492	0	0	0	0	0	0	0	0	0	12.4112	0	0.305796	0	0	0	0	0	0	-15.0643	0	0	0	5.55817	0	0	0	0	0	-1.32448	-16.3356
131491	0	13.3271	0	0	0	0	0	0	0	0	0	11.1836	0	1.01942	0	0	0	0	0	0	-8.85464	0	0	0	4.3459	0	0	0	0	0	-3.44635	-17.575
131492	0	13.3408	0	0	0	0	0	0	0	0	0	10.8638	0	0.319518	0	0	0	0	0	0	-7.29925	0	0	0	4.10181	0	0	0	0	0	-3.35725	-17.9694
131493	0	14.0103	0	0	0	0	0	0	0	0	0	11.7661	0	2.55991	0	0	0	0	0	0	-10.59	0	0	0	4.77356	0	0	0	0	0	-5.3499	-17.17
131494	0	13.946	0	0	0	0	0	0	0	0	0	12.0206	0	2.38087	0	0	0	0	0	0	-10.0131	0	0	0	4.66598	0	0	0	0	0	-6.03272	-16.9677
131495	0	13.9269	0	0	0	0	0	0	0	0	0	11.5514	0	3.79843	0	0	0	0	0	0	-7.68605	0	0	0	4.90712	0	0	0	0	0	-9.70467	-16.7931
131496	0	13.5091	0	0	0	0	0	0	0	0	0	11.398	0	3.28016	0	0	0	0	0	0	-4.60239	0	0	0	4.65188	0	0	0	0	0	-11.4348	-16.8019
131497	0	14.0177	0	0	0	0	0	0	0	0	0	12.0565	0	0.00463153	0	0	0	0	0	0	-3.2674	0	0	0	5.30377	0	0	0	0	0	-12.062	-16.0532
131498	0	14.5751	0	0	0	0	0	0	0	0	0	12.6232	0	0.0918741	0	0	0	0	0	0	-2.62159	0	0	0	5.70608	0	0	0	0	0	-15.0201	-15.3545
131499	0	14.7663	0	0	0	0	0	0	0	0	0	12.9623	0	1.96637	0	0	0	0	0	0	-4.55453	0	0	0	5.93236	0	0	0	0	0	-15.9168	-15.156
131500	0	15.536	0	0	0	0	0	0	0	0	0	14.2628	0	1.18079	0	0	0	0	0	0	-5.10253	0	0	0	6.62204	0	0	0	0	0	-18.0649	-14.4342
131501	0	15.8461	0	0	0	0	0	0	0	0	0	14.7274	0	-0.554749	0	0	0	0	0	0	-5.13808	0	0	0	7.16436	0	0	0	0	0	-18.1926	-13.8524
131502	0	16.1302	0	0	0	0	0	0	0	0	0	14.973	0	-0.860806	0	0	0	0	0	0	-5.72809	0	0	0	7.60919	0	0	0	0	0	-18.7804	-13.3432
131503	0	16.1539	0	0	0	0	0	0	0	0	0	15.35	0	-2.42348	0	0	0	0	0	0	-4.08801	0	0	0	7.62623	0	0	0	0	0	-19.251	-13.3678
131504	0	15.8975	0	0	0	0	0	0	0	0	0	15.6116	0	-3.70093	0	0	0	0	0	0	-1.65995	0	0	0	7.24787	0	0	0	0	0	-19.7378	-13.6582
131505	0	15.3121	0	0	0	0	0	0	0	0	0	15.1855	0	-2.57795	0	0	0	0	0	0	-2.54093	0	0	0	7.21077	0	0	0	0	0	-18.5706	-14.0189
131506	0	14.9438	0	0	0	0	0	0	0	0	0	15.0191	0	-1.22214	0	0	0	0	0	0	-2.54663	0	0	0	7.04004	0	0	0	0	0	-18.519	-14.7152
131507	0	14.5021	0	0	0	0	0	0	0	0	0	15.0314	0	-1.82598	0	0	0	0	0	0	-2.66546	0	0	0	6.82917	0	0	0	0	0	-16.6974	-15.1739
131508	0	14.3048	0	0	0	0	0	0	0	0	0	15.1302	0	-3.12935	0	0	0	0	0	0	-3.90577	0	0	0	6.6517	0	0	0	0	0	-13.7302	-15.3214
131509	0	13.4858	0	0	0	0	0	0	0	0	0	14.6411	0	-1.77558	0	0	0	0	0	0	-4.78676	0	0	0	6.19103	0	0	0	0	0	-11.9671	-15.7884
131510	0	13.1094	0	0	0	0	0	0	0	0	0	14.4977	0	-2.99102	0	0	0	0	0	0	-4.75874	0	0	0	6.38949	0	0	0	0	0	-10.2301	-16.0167
131511	0	13.299	0	0	0	0	0	0	0	0	0	14.7361	0	-6.16369	0	0	0	0	0	0	-3.71572	0	0	0	6.74225	0	0	0	0	0	-8.88443	-16.0135
131512	0	13.4837	0	0	0	0	0	0	0	0	0	15.056	0	-6.86498	0	0	0	0	0	0	-4.80247	0	0	0	7.4201	0	0	0	0	0	-8.1606	-16.1318
131513	0	13.5788	0	0	0	0	0	0	0	0	0	15.3552	0	-6.32265	0	0	0	0	0	0	-6.2191	0	0	0	7.66643	0	0	0	0	0	-8.0736	-15.9851
131514	0	12.8638	0	0	0	0	0	0	0	0	0	14.6863	0	-3.85241	0	0	0	0	0	0	-5.66715	0	0	0	7.29305	0	0	0	0	0	-8.5673	-16.7563
131515	0	12.4805	0	0	0	0	0	0	0	0	0	14.6448	0	-6.74101	0	0	0	0	0	0	-5.73047	0	0	0	7.86049	0	0	0	0	0	-5.95224	-16.5621
131516	0	13.072	0	0	0	0	0	0	0	0	0	14.9664	0	-9.67733	0	0	0	0	0	0	-3.39265	0	0	0	8.73807	0	0	0	0	0	-7.65593	-16.0506
131517	0	13.5115	0	0	0	0	0	0	0	0	0	15.2923	0	-12.2613	0	0	0	0	0	0	-3.64568	0	0	0	8.9386	0	0	0	0	0	-6.48142	-15.354
131518	0	14.0321	0	0	0	0	0	0	0	0	0	15.5151	0	-13.143	0	0	0	0	0	0	-3.97047	0	0	0	9.25358	0	0	0	0	0	-6.58432	-15.1029
131519	0	14.1165	0	0	0	0	0	0	0	0	0	15.5277	0	-12.0284	0	0	0	0	0	0	-3.69765	0	0	0	9.54964	0	0	0	0	0	-8.74364	-14.7242
131520	0	14.2047	0	0	0	0	0	0	0	0	0	15.7351	0	-12.7352	0	0	0	0	0	0	-4.39399	0	0	0	10.2493	0	0	0	0	0	-8.49711	-14.5629
131521	0	14.3341	0	0	0	0	0	0	0	0	0	15.7125	0	-13.8214	0	0	0	0	0	0	-3.4569	0	0	0	10.5437	0	0	0	0	0	-9.02687	-14.2851
131522	0	14.1383	0	0	0	0	0	0	0	0	0	15.3462	0	-14.8507	0	0	0	0	0	0	-2.48304	0	0	0	10.5287	0	0	0	0	0	-8.28252	-14.397
131523	0	14.0745	0	0	0	0	0	0	0	0	0	15.2508	0	-14.5106	0	0	0	0	0	0	-3.5016	0	0	0	10.6881	0	0	0	0	0	-7.95297	-14.0483
131524	0	14.2851	0	0	0	0	0	0	0	0	0	15.3416	0	-17.7283	0	0	0	0	0	0	-3.97107	0	0	0	10.7712	0	0	0	0	0	-4.99064	-13.7078
131525	0	14.4707	0	0	0	0	0	0	0	0	0	15.3805	0	-16.7411	0	0	0	0	0	0	-5.69128	0	0	0	10.8802	0	0	0	0	0	-4.74651	-13.5526
131526	0	14.5653	0	0	0	0	0	0	0	0	0	15.0396	0	-17.6788	0	0	0	0	0	0	-6.35505	0	0	0	10.8532	0	0	0	0	0	-2.77574	-13.6486
131527	0	14.0567	0	0	0	0	0	0	0	0	0	14.3651	0	-16.543	0	0	0	0	0	0	-6.8411	0	0	0	10.3524	0	0	0	0	0	-1.03025	-14.3599
131528	0	14.5589	0	0	0	0	0	0	0	0	0	14.5175	0	-15.0612	0	0	0	0	0	0	-9.47028	0	0	0	10.5556	0	0	0	0	0	-1.09799	-14.0025
131529	0	15.0898	0	0	0	0	0	0	0	0	0	14.8111	0	-15.0533	0	0	0	0	0	0	-10.3387	0	0	0	10.6115	0	0	0	0	0	-1.46576	-13.6546
131530	0	14.889	0	0	0	0	0	0	0	0	0	14.4856	0	-12.5941	0	0	0	0	0	0	-10.5994	0	0	0	10.5277	0	0	0	0	0	-2.99858	-13.7102
131531	0	14.9511	0	0	0	0	0	0	0	0	0	14.9022	0	-13.6867	0	0	0	0	0	0	-9.6414	0	0	0	10.7926	0	0	0	0	0	-3.96886	-13.3491
131532	0	15.7723	0	0	0	0	0	0	0	0	0	15.5798	0	-14.7461	0	0	0	0	0	0	-9.60374	0	0	0	11.0823	0	0	0	0	0	-5.29397	-12.7906
131533	0	15.9603	0	0	0	0	0	0	0	0	0	16.0945	0	-11.9036	0	0	0	0	0	0	-10.1598	0	0	0	11.3481	0	0	0	0	0	-8.5843	-12.7552
131534	0	16.1258	0	0	0	0	0	0	0	0	0	16.2456	0	-12.2002	0	0	0	0	0	0	-9.80878	0	0	0	11.276	0	0	0	0	0	-8.7531	-12.8853
131535	0	15.7415	0	0	0	0	0	0	0	0	0	15.7241	0	-8.25832	0	0	0	0	0	0	-9.39207	0	0	0	10.2688	0	0	0	0	0	-10.6029	-13.4812
131536	0	16.1849	0	0	0	0	0	0	0	0	0	15.8026	0	-9.19687	0	0	0	0	0	0	-9.99278	0	0	0	10.3235	0	0	0	0	0	-10.0778	-13.0435
131537	0	15.7768	0	0	0	0	0	0	0	0	0	15.6309	0	-7.73418	0	0	0	0	0	0	-9.96559	0	0	0	9.86569	0	0	0	0	0	-10.5667	-13.0069
131538	0	16.3732	0	0	0	0	0	0	0	0	0	15.9308	0	-9.26487	0	0	0	0	0	0	-7.13171	0	0	0	9.80908	0	0	0	0	0	-13.0932	-12.6234
131539	0	16.7851	0	0	0	0	0	0	0	0	0	16.4904	0	-9.84769	0	0	0	0	0	0	-9.30255	0	0	0	10.5525	0	0	0	0	0	-12.4506	-12.2272
131540	0	16.9601	0	0	0	0	0	0	0	0	0	16.856	0	-8.67995	0	0	0	0	0	0	-8.15436	0	0	0	10.857	0	0	0	0	0	-15.846	-11.9928
131541	0	17.2633	0	0	0	0	0	0	0	0	0	17.3404	0	-6.89718	0	0	0	0	0	0	-8.53952	0	0	0	11.1053	0	0	0	0	0	-18.2723	-12
131542	0	17.9354	0	0	0	0	0	0	0	0	0	17.9574	0	-9.09252	0	0	0	0	0	0	-7.38178	0	0	0	11.0406	0	0	0	0	0	-19.0616	-11.3975
131543	0	18.1785	0	0	0	0	0	0	0	0	0	18.0924	0	-8.11515	0	0	0	0	0	0	-5.6359	0	0	0	10.9296	0	0	0	0	0	-22.0739	-11.3755
131544	0	18.2296	0	0	0	0	0	0	0	0	0	17.9386	0	-7.1136	0	0	0	0	0	0	-6.04029	0	0	0	10.5205	0	0	0	0	0	-22.0118	-11.523
131545	0	19.1929	0	0	0	0	0	0	0	0	0	18.5481	0	-5.38488	0	0	0	0	0	0	-8.77318	0	0	0	11.0225	0	0	0	0	0	-23.7566	-10.8488
131546	0	19.9292	0	0	0	0	0	0	0	0	0	19.148	0	-6.87774	0	0	0	0	0	0	-7.36549	0	0	0	11.27	0	0	0	0	0	-25.7512	-10.3528
131547	0	20.5133	0	0	0	0	0	0	0	0	0	19.6473	0	-6.3347	0	0	0	0	0	0	-9.34199	0	0	0	11.3903	0	0	0	0	0	-26.0363	-9.83795
131548	0	20.4217	0	0	0	0	0	0	0	0	0	19.1998	0	-6.17263	0	0	0	0	0	0	-7.43465	0	0	0	11.0517	0	0	0	0	0	-27.1596	-9.90631
131549	0	20.1928	0	0	0	0	0	0	0	0	0	18.6842	0	-5.99266	0	0	0	0	0	0	-5.96487	0	0	0	10.2344	0	0	0	0	0	-26.7766	-10.3772
131550	0	20.1855	0	0	0	0	0	0	0	0	0	18.6513	0	-5.49693	0	0	0	0	0	0	-4.63471	0	0	0	10.0476	0	0	0	0	0	-28.2625	-10.4902
131551	0	19.9761	0	0	0	0	0	0	0	0	0	18.5378	0	-7.60461	0	0	0	0	0	0	-4.10353	0	0	0	9.57028	0	0	0	0	0	-25.6195	-10.7566
131552	0	20.1841	0	0	0	0	0	0	0	0	0	18.7625	0	-5.28328	0	0	0	0	0	0	-8.0184	0	0	0	9.32592	0	0	0	0	0	-24.135	-10.8359
131553	0	20.4056	0	0	0	0	0	0	0	0	0	19.0089	0	-5.46319	0	0	0	0	0	0	-9.66346	0	0	0	9.32948	0	0	0	0	0	-23.3665	-10.2508
131554	0	19.3182	0	0	0	0	0	0	0	0	0	18.1201	0	-7.28553	0	0	0	0	0	0	-5.89393	0	0	0	8.18869	0	0	0	0	0	-21.4081	-11.0393
131555	0	18.9808	0	0	0	0	0	0	0	0	0	18.4084	0	-9.3107	0	0	0	0	0	0	-6.67383	0	0	0	8.18952	0	0	0	0	0	-18.5042	-11.09
131556	0	18.804	0	0	0	0	0	0	0	0	0	18.4989	0	-8.21068	0	0	0	0	0	0	-7.6543	0	0	0	7.77393	0	0	0	0	0	-17.8094	-11.4024
131557	0	18.0399	0	0	0	0	0	0	0	0	0	18.141	0	-4.78572	0	0	0	0	0	0	-10.3597	0	0	0	7.28468	0	0	0	0	0	-16.7212	-11.5989
131558	0	17.2531	0	0	0	0	0	0	0	0	0	17.1754	0	-4.96267	0	0	0	0	0	0	-7.60312	0	0	0	6.69312	0	0	0	0	0	-16.2629	-12.2929
131559	0	17.8197	0	0	0	0	0	0	0	0	0	17.5887	0	-4.01503	0	0	0	0	0	0	-8.82747	0	0	0	6.93906	0	0	0	0	0	-17.135	-12.3699
131560	0	17.2866	0	0	0	0	0	0	0	0	0	17.2682	0	-0.495684	0	0	0	0	0	0	-12.0883	0	0	0	6.33732	0	0	0	0	0	-15.3165	-12.9917
131561	0	16.4866	0	0	0	0	0	0	0	0	0	16.6889	0	0.669405	0	0	0	0	0	0	-11.8066	0	0	0	5.86013	0	0	0	0	0	-14.2499	-13.6486
131562	0	16.4142	0	0	0	0	0	0	0	0	0	16.2957	0	-0.833883	0	0	0	0	0	0	-11.6293	0	0	0	5.55984	0	0	0	0	0	-12.0681	-13.7384
131563	0	15.6484	0	0	0	0	0	0	0	0	0	15.3134	0	1.50462	0	0	0	0	0	0	-12.0875	0	0	0	4.86183	0	0	0	0	0	-10.6894	-14.5513
131564	0	15.8148	0	0	0	0	0	0	0	0	0	15.0182	0	1.20463	0	0	0	0	0	0	-12.4893	0	0	0	4.3881	0	0	0	0	0	-9.39586	-14.5405
131565	0	16.2899	0	0	0	0	0	0	0	0	0	15.2757	0	0.37388	0	0	0	0	0	0	-12.2626	0	0	0	4.81546	0	0	0	0	0	-10.3113	-14.1809
131566	0	16.7248	0	0	0	0	0	0	0	0	0	15.3091	0	-1.97359	0	0	0	0	0	0	-12.1753	0	0	0	5.07945	0	0	0	0	0	-9.16048	-13.8041
131567	0	16.8279	0	0	0	0	0	0	0	0	0	15.3069	0	-2.2904	0	0	0	0	0	0	-12.9376	0	0	0	4.8535	0	0	0	0	0	-8.22435	-13.5359
131568	0	16.1029	0	0	0	0	0	0	0	0	0	14.5895	0	-2.73916	0	0	0	0	0	0	-10.1684	0	0	0	3.94692	0	0	0	0	0	-7.51909	-14.2127
131569	0	16.1717	0	0	0	0	0	0	0	0	0	14.6828	0	-4.4641	0	0	0	0	0	0	-7.92611	0	0	0	3.94643	0	0	0	0	0	-8.2151	-14.1956
131570	0	17.3357	0	0	0	0	0	0	0	0	0	15.3909	0	-6.24748	0	0	0	0	0	0	-12.9414	0	0	0	5.36308	0	0	0	0	0	-5.85759	-13.0432
131571	0	17.0086	0	0	0	0	0	0	0	0	0	15.1572	0	-4.62044	0	0	0	0	0	0	-11.3714	0	0	0	5.33128	0	0	0	0	0	-8.01494	-13.4902
131572	0	17.9612	0	0	0	0	0	0	0	0	0	16.4906	0	-7.97158	0	0	0	0	0	0	-10.8803	0	0	0	5.91517	0	0	0	0	0	-8.7578	-12.7573
131573	0	18.3725	0	0	0	0	0	0	0	0	0	16.462	0	-6.62226	0	0	0	0	0	0	-9.89518	0	0	0	6.04403	0	0	0	0	0	-11.7133	-12.6478
131574	0	18.7298	0	0	0	0	0	0	0	0	0	16.8851	0	-11.0788	0	0	0	0	0	0	-7.68432	0	0	0	6.1878	0	0	0	0	0	-10.3127	-12.7269
131575	0	19.3011	0	0	0	0	0	0	0	0	0	17.4432	0	-13.0897	0	0	0	0	0	0	-8.08924	0	0	0	7.14668	0	0	0	0	0	-10.7445	-11.9675
131576	0	19.7188	0	0	0	0	0	0	0	0	0	17.7424	0	-14.1744	0	0	0	0	0	0	-7.85669	0	0	0	8.0382	0	0	0	0	0	-12.3818	-11.0864
131577	0	19.8306	0	0	0	0	0	0	0	0	0	17.9622	0	-14.4327	0	0	0	0	0	0	-7.48774	0	0	0	8.42237	0	0	0	0	0	-13.3961	-10.8986
131578	0	19.6204	0	0	0	0	0	0	0	0	0	17.6938	0	-15.2505	0	0	0	0	0	0	-8.13282	0	0	0	8.43131	0	0	0	0	0	-10.8805	-11.4816
131579	0	20.1303	0	0	0	0	0	0	0	0	0	18.7383	0	-16.1531	0	0	0	0	0	0	-7.45857	0	0	0	9.44732	0	0	0	0	0	-14.1848	-10.5194
131580	0	20.4764	0	0	0	0	0	0	0	0	0	19.0952	0	-17.3611	0	0	0	0	0	0	-7.11652	0	0	0	10.2988	0	0	0	0	0	-15.3277	-10.065
131581	0	20.7735	0	0	0	0	0	0	0	0	0	19.3066	0	-19.1786	0	0	0	0	0	0	-6.70402	0	0	0	11.0916	0	0	0	0	0	-15.5472	-9.74194
131582	0	21.1899	0	0	0	0	0	0	0	0	0	19.7154	0	-18.6191	0	0	0	0	0	0	-6.33201	0	0	0	11.6712	0	0	0	0	0	-17.7374	-9.888
131583	0	17.4684	0	0	0	0	0	0	0	0	0	16.4396	0	0	0	0	0	0	0	0	-10.0219	0	0	0	8.31294	0	0	0	0	0	-18.5557	-13.6434
131584	0	17.092	0	0	0	0	0	0	0	0	0	16.4301	0	0	0	0	0	0	0	0	-10.3779	0	0	0	8.29897	0	0	0	0	0	-17.7697	-13.6736
131585	0	16.7395	0	0	0	0	0	0	0	0	0	16.4266	0	0	0	0	0	0	0	0	-10.4596	0	0	0	7.95029	0	0	0	0	0	-16.7724	-13.8844
131586	0	16.5315	0	0	0	0	0	0	0	0	0	16.5847	0	0	0	0	0	0	0	0	-10.6262	0	0	0	7.55338	0	0	0	0	0	-15.8795	-14.1639
131587	0	15.7032	0	0	0	0	0	0	0	0	0	15.9125	0	0	0	0	0	0	0	0	-11.5029	0	0	0	6.85813	0	0	0	0	0	-11.7724	-15.1985
131588	0	15.8045	0	0	0	0	0	0	0	0	0	16.1524	0	0	0	0	0	0	0	0	-11.3825	0	0	0	6.90863	0	0	0	0	0	-12.4899	-14.9931
131589	0	15.4105	0	0	0	0	0	0	0	0	0	15.7743	0	0	0	0	0	0	0	0	-11.7599	0	0	0	6.77711	0	0	0	0	0	-10.9675	-15.2345
131590	0	15.6932	0	0	0	0	0	0	0	0	0	15.968	0	0	0	0	0	0	0	0	-11.5852	0	0	0	6.90275	0	0	0	0	0	-12.1495	-14.8293
131591	0	15.6391	0	0	0	0	0	0	0	0	0	16.2868	0	0	0	0	0	0	0	0	-11.4879	0	0	0	6.88273	0	0	0	0	0	-12.4512	-14.8695
131592	0	16.0711	0	0	0	0	0	0	0	0	0	16.2713	0	0	0	0	0	0	0	0	-11.0726	0	0	0	7.14749	0	0	0	0	0	-13.9114	-14.5059
131593	0	16.1808	0	0	0	0	0	0	0	0	0	16.2124	0	0	0	0	0	0	0	0	-10.7202	0	0	0	7.0979	0	0	0	0	0	-14.4158	-14.3551
131594	0	16.1513	0	0	0	0	0	0	0	0	0	16.0751	0	0	0	0	0	0	0	0	-10.771	0	0	0	7.00446	0	0	0	0	0	-14.2347	-14.2252
131595	0	15.5072	0	0	0	0	0	0	0	0	0	15.3489	0	0	0	0	0	0	0	0	-10.9849	0	0	0	6.26949	0	0	0	0	0	-11.8806	-14.2601
131596	0	15.3172	0	0	0	0	0	0	0	0	0	14.7713	0	0	0	0	0	0	0	0	-11.4014	0	0	0	5.83966	0	0	0	0	0	-9.99271	-14.5341
131597	0	15.958	0	0	0	0	0	0	0	0	0	15.5912	0	0	0	0	0	0	0	0	-10.3872	0	0	0	6.96411	0	0	0	0	0	-14.3108	-13.8154
131598	0	15.7238	0	0	0	0	0	0	0	0	0	15.7017	0	0	0	0	0	0	0	0	-10.1804	0	0	0	6.80284	0	0	0	0	0	-13.9851	-14.0629
131599	0	14.9476	0	0	0	0	0	0	0	0	0	14.502	0	0	0	0	0	0	0	0	-11.111	0	0	0	5.77609	0	0	0	0	0	-8.88328	-15.2315
131600	0	15.2668	0	0	0	0	0	0	0	0	0	14.8949	0	0	0	0	0	0	0	0	-10.9221	0	0	0	6.16694	0	0	0	0	0	-10.4294	-14.9771
131601	0	14.5729	0	0	0	0	0	0	0	0	0	14.0823	0	0	0	0	0	0	0	0	-11.4344	0	0	0	5.43056	0	0	0	0	0	-7.06859	-15.5828
131602	0	14.9365	0	0	0	0	0	0	0	0	0	13.9432	0	0	0	0	0	0	0	0	-11.118	0	0	0	5.68135	0	0	0	0	0	-8.20347	-15.2395
131603	0	15.5928	0	0	0	0	0	0	0	0	0	14.3145	0	0	0	0	0	0	0	0	-10.415	0	0	0	6.22419	0	0	0	0	0	-10.9257	-14.7908
131604	0	15.4264	0	0	0	0	0	0	0	0	0	14.5697	0	0	0	0	0	0	0	0	-10.6588	0	0	0	6.04844	0	0	0	0	0	-10.6357	-14.75
131605	0	15.4188	0	0	0	0	0	0	0	0	0	14.4949	0	0	0	0	0	0	0	0	-10.7457	0	0	0	5.76921	0	0	0	0	0	-10.0077	-14.9295
131606	0	15.7082	0	0	0	0	0	0	0	0	0	14.7081	0	0	0	0	0	0	0	0	-10.2235	0	0	0	6.03944	0	0	0	0	0	-11.8526	-14.3797
131607	0	15.8671	0	0	0	0	0	0	0	0	0	14.5376	0	0	0	0	0	0	0	0	-10.2525	0	0	0	5.97788	0	0	0	0	0	-11.5897	-14.5404
131608	0	16.2823	0	0	0	0	0	0	0	0	0	14.3962	0	0	0	0	0	0	0	0	-9.89621	0	0	0	6.25056	0	0	0	0	0	-12.2089	-14.8239
131609	0	17.7545	0	0	0	0	0	0	0	0	0	16.0185	0	-9.42956	0	0	0	0	0	0	-8.85111	0	0	0	7.68453	0	0	0	0	0	-9.59361	-13.5833
131610	0	18.418	0	0	0	0	0	0	0	0	0	16.5875	0	-9.47646	0	0	0	0	0	0	-8.25885	0	0	0	8.21324	0	0	0	0	0	-12.2147	-13.2688
131611	0	16.1757	0	0	0	0	0	0	0	0	0	14.0847	0	0	0	0	0	0	0	0	-10.5655	0	0	0	5.74831	0	0	0	0	0	-9.50906	-15.9341
131612	0	16.3608	0	0	0	0	0	0	0	0	0	14.2971	0	0	0	0	0	0	0	0	-10.6122	0	0	0	6.05063	0	0	0	0	0	-10.217	-15.8793
131613	0	17.2151	0	0	0	0	0	0	0	0	0	15.3966	0	0	0	0	0	0	0	0	-9.46799	0	0	0	7.08272	0	0	0	0	0	-15.2852	-14.9412
131614	0	16.9179	0	0	0	0	0	0	0	0	0	15.1613	0	0	0	0	0	0	0	0	-10.0178	0	0	0	6.66623	0	0	0	0	0	-13.4904	-15.2372
131615	0	18.3922	0	0	0	0	0	0	0	0	0	15.9208	0	0	0	0	0	0	0	0	-6.56427	0	0	0	8.12541	0	0	0	0	0	-21.6197	-14.2544
131616	0	18.1363	0	0	0	0	0	0	0	0	0	15.229	0	0	0	0	0	0	0	0	-7.48629	0	0	0	7.53979	0	0	0	0	0	-18.7444	-14.6744
131617	0	18.74	0	0	0	0	0	0	0	0	0	15.2659	0	0	0	0	0	0	0	0	-10.1416	0	0	0	7.44692	0	0	0	0	0	-17.2991	-14.012
131618	0	18.3957	0	0	0	0	0	0	0	0	0	14.7125	0	0	0	0	0	0	0	0	-7.94422	0	0	0	6.72852	0	0	0	0	0	-17.7479	-14.1446
131619	0	18.4705	0	0	0	0	0	0	0	0	0	14.8571	0	0	0	0	0	0	0	0	-8.74959	0	0	0	6.84752	0	0	0	0	0	-17.3801	-14.0455
131620	0	18.8873	0	0	0	0	0	0	0	0	0	15.1342	0	0	0	0	0	0	0	0	-10.9247	0	0	0	7.08119	0	0	0	0	0	-16.0546	-14.1234
131621	0	18.929	0	0	0	0	0	0	0	0	0	15.0099	0	0	0	0	0	0	0	0	-7.15927	0	0	0	7.06161	0	0	0	0	0	-19.575	-14.2663
131622	0	19.538	0	0	0	0	0	0	0	0	0	15.1214	0	0	0	0	0	0	0	0	-7.43485	0	0	0	7.06798	0	0	0	0	0	-20.1498	-14.1427
131623	0	24.0411	0	0	0	0	0	0	0	0	0	19.4495	0	0	0	0	0	0	0	0	-2.93663	0	0	0	11.2908	-26.0765	0	0	0	0	-15.7524	-10.0158
131624	0	24.1493	0	0	0	0	0	0	0	0	0	19.7666	0	0	0	0	0	0	0	0	-0.714426	0	0	0	11.3802	-27.5631	0	0	0	0	-16.8877	-10.1309
131625	0	23.6822	0	0	0	0	0	0	0	0	0	19.5084	0	0	0	0	0	0	0	0	-1.16288	0	0	0	11.0859	-26.1817	0	0	0	0	-16.3857	-10.5462
131626	0	23.0798	0	0	0	0	0	0	0	0	0	19.0799	0	0	0	0	0	0	0	0	1.55886	0	0	0	10.5425	-25.2094	0	0	0	0	-17.5146	-11.5372
131627	0	23.2546	0	0	0	0	0	0	0	0	0	19.3587	0	0	0	0	0	0	0	0	1.0952	0	0	0	10.9417	-23.4893	0	0	0	0	-19.6673	-11.4936
131628	0	23.7116	0	0	0	0	0	0	0	0	0	19.7887	0	0	0	0	0	0	0	0	-3.91246	0	0	0	11.3	-24.0554	0	0	0	0	-15.5384	-11.2941
131629	0	22.5774	0	0	0	0	0	0	0	0	0	18.9504	0	0	0	0	0	0	0	0	-3.91637	0	0	0	10.5292	-22.0714	0	0	0	0	-14.2082	-11.861
131630	0	22.7164	0	0	0	0	0	0	0	0	0	18.7831	0	0	0	0	0	0	0	0	-3.89603	0	0	0	10.2199	-20.7456	0	0	0	0	-15.3079	-11.7698
131631	0	22.2925	0	0	0	0	0	0	0	0	0	18.1315	0	0	0	0	0	0	0	0	-5.02434	0	0	0	9.60912	-20.6664	0	0	0	0	-14.6705	-9.67183
131632	0	22.1448	0	0	0	0	0	0	0	0	0	17.8869	0	3.96797	0	0	0	0	0	0	-4.55134	0	0	0	9.38774	-21.3698	0	0	0	0	-15.322	-12.1442
131633	0	22.7001	0	0	0	0	0	0	0	0	0	18.5197	0	-0.479633	0	0	0	0	0	0	-3.58597	0	0	0	10.4361	-19.2969	0	0	0	0	-15.5969	-12.6965
131634	0	21.9636	0	0	0	0	0	0	0	0	0	17.3809	0	-3.04531	0	0	0	0	0	0	-4.32348	0	0	0	9.52072	-19.7227	0	0	0	0	-15.2474	-6.52631
131635	0	22.9292	0	0	0	0	0	0	0	0	0	17.8395	0	-0.185601	0	0	0	0	0	0	-3.82239	0	0	0	10.1239	-19.514	0	0	0	0	-15.5113	-11.8594
131636	0	23.227	0	0	0	0	0	0	0	0	0	18.3981	0	0.00585482	0	0	0	0	0	0	-2.82103	0	0	0	10.3732	-20.0809	0	0	0	0	-15.9317	-13.1705
131637	0	22.978	0	0	0	0	0	0	0	0	0	17.8863	0	-1.26798	0	0	0	0	0	0	-1.23324	0	0	0	9.89211	-21.0929	0	0	0	0	-15.637	-11.5252
131638	0	22.8517	0	0	0	0	0	0	0	0	0	17.7591	0	-2.49115	0	0	0	0	0	0	-0.71022	0	0	0	9.94376	-19.8387	0	0	0	0	-16.2961	-11.2185
131639	0	23.3478	0	0	0	0	0	0	0	0	0	18.1147	0	-3.90577	0	0	0	0	0	0	-1.97394	0	0	0	10.7135	-19.2216	0	0	0	0	-17.5401	-9.53467
131640	0	23.368	0	0	0	0	0	0	0	0	0	17.8199	0	-5.40607	0	0	0	0	0	0	-4.16824	0	0	0	10.8762	-15.288	0	0	0	0	-17.3874	-9.81436
131641	0	23.705	0	0	0	0	0	0	0	0	0	18.1474	0	-6.77503	0	0	0	0	0	0	-3.8216	0	0	0	11.6349	-14.5304	0	0	0	0	-17.1567	-11.2036
131642	0	23.1015	0	0	0	0	0	0	0	0	0	17.6565	0	-6.87949	0	0	0	0	0	0	-6.80708	0	0	0	11.1998	-12.4827	0	0	0	0	-15.1649	-10.6236
131643	0	23.0603	0	0	0	0	0	0	0	0	0	17.6232	0	-6.57235	0	0	0	0	0	0	-5.87192	0	0	0	11.1349	-12.8944	0	0	0	0	-15.2054	-11.2743
131644	0	22.4777	0	0	0	0	0	0	0	0	0	16.8828	0	-5.36065	0	0	0	0	0	0	-6.02868	0	0	0	10.6942	-13.4666	0	0	0	0	-15.014	-10.1848
131645	0	22.4824	0	0	0	0	0	0	0	0	0	16.948	0	-5.73651	0	0	0	0	0	0	-5.04915	0	0	0	10.7971	-13.3234	0	0	0	0	-14.4128	-11.7057
131646	0	22.262	0	0	0	0	0	0	0	0	0	16.6136	0	-6.41846	0	0	0	0	0	0	-6.56406	0	0	0	10.5613	-13.8793	0	0	0	0	-11.8761	-10.6989
131647	0	22.807	0	0	0	0	0	0	0	0	0	17.516	0	-4.59226	0	0	0	0	0	0	-6.08391	0	0	0	11.4486	-14.7109	0	0	-1.90526	0	-13.0006	-11.4788
131648	0	22.0972	0	0	0	0	0	0	0	0	0	16.4917	0	-5.12272	0	0	0	0	0	0	-6.17007	0	0	0	10.6272	-14.7584	0	0	-2.03806	0	-11.3171	-9.80972
131649	0	22.8985	0	0	0	0	0	0	0	0	0	17.4585	0	-7.52978	0	0	0	0	0	0	-4.10007	0	0	0	11.3605	-13.9607	0	0	-5.42572	0	-9.45179	-11.2495
131650	0	22.3899	0	0	0	0	0	0	0	0	0	17.0893	0	-7.70683	0	0	0	0	0	0	-4.42258	0	0	0	11.2375	-15.9765	0	0	-3.40711	0	-7.06719	-12.1365
131651	0	22.4694	0	0	0	0	0	0	0	0	0	16.9856	0	-12.0533	0	0	0	0	0	0	-2.2205	0	0	0	11.2838	-15.1295	0	0	-2.63464	0	-6.92431	-11.7765
131652	0	21.0625	0	0	0	0	0	0	0	0	0	15.3083	0	-10.4024	0	0	0	0	0	0	-4.05315	0	0	0	9.89594	-17.1328	0	0	2.03272	0	-5.05129	-11.6598
131653	0	19.6001	0	0	0	0	0	0	0	0	0	14.2562	0	-10.7552	0	0	0	0	0	0	-3.92637	0	0	0	8.63574	-16.9956	0	0	3.90281	0	-2.81795	-11.8996
131654	0	19.1534	0	0	0	0	0	0	0	0	0	13.8709	0	-11.9707	0	0	0	0	0	0	-3.08975	0	0	0	7.85026	-14.8333	0	0	1.73473	0	-0.461783	-12.2537
131655	0	19.5779	0	0	0	0	0	0	0	0	0	14.4181	0	-11.4797	0	0	0	0	0	0	-8.16175	0	0	0	8.04071	-9.98761	0	0	2.61715	0	-0.945444	-14.0794
131656	0	19.4399	0	0	0	0	0	0	0	0	0	14.4377	0	-11.2222	0	0	0	0	0	0	-6.10125	0	0	0	7.86924	-11.0905	0	0	1.41679	0	-0.0401517	-14.7096
131657	0	19.2734	0	0	0	0	0	0	0	0	0	13.958	0	-14.7299	0	0	0	0	0	0	-2.56015	0	0	0	7.24182	-10.5841	0	0	1.69543	0	0.231825	-14.5263
131658	0	19.4304	0	0	0	0	0	0	0	0	0	14.2556	0	-17.0091	0	0	0	0	0	0	-3.50348	0	0	0	7.54865	-10.2716	0	0	1.57136	0	0.292211	-12.314
131659	0	18.9405	0	0	0	0	0	0	0	0	0	14.3252	0	-17.7914	0	0	0	0	0	0	-3.48869	0	0	0	7.52264	-9.72747	0	0	-1.18225	0	1.93645	-10.5349
131660	0	18.4492	0	0	0	0	0	0	0	0	0	13.3816	0	-13.7176	0	0	0	0	0	0	-5.98837	0	0	0	6.96313	-8.30594	0	0	-1.55721	0	3.12289	-12.3477
131661	0	15.9252	0	0	0	0	0	0	0	0	0	11.3564	0	-10.2044	0	0	0	0	0	0	-7.43242	0	0	0	4.51923	-10.4292	0	0	-5.68574	0	1.95097	0
131662	0	16.8937	0	0	0	0	0	0	0	0	0	12.3528	0	-16.9782	0	0	0	0	0	0	-5.33183	0	0	0	5.30619	-8.60864	0	0	-5.90489	0	2.27081	0
131663	0	16.5874	0	0	0	0	0	0	0	0	0	12.0659	0	-16.2343	0	0	0	0	0	0	-7.46412	0	0	0	5.1063	-6.68691	0	0	-7.47063	0	4.0964	0
131664	0	17.4034	0	0	0	0	0	0	0	0	0	12.858	0	-18.6982	0	0	0	0	0	0	-10.1844	0	0	0	5.802	-5.77422	0	0	-8.80591	0	7.39938	0
131665	0	16.9009	0	0	0	0	0	0	0	0	0	12.1572	0	-16.4279	0	0	0	0	0	0	-9.61644	0	0	0	4.77794	-6.64492	0	0	-10.9207	0	9.77382	0
131666	0	16.6832	0	0	0	0	0	0	0	0	0	12.0905	0	-14.4599	0	0	0	0	0	0	-11.9748	0	0	0	4.5535	-7.03267	0	0	-11.1908	0	11.331	0
131667	0	15.5898	0	0	0	0	0	0	0	0	0	11.1918	0	-14.7225	0	0	0	0	0	0	-9.47652	0	0	0	3.79373	-7.28644	0	0	-10.0352	0	10.9453	0
131668	0	15.6361	0	0	0	0	0	0	0	0	0	11.2587	0	-17.2769	0	0	0	0	0	0	-10.1924	0	0	0	3.82485	-5.22497	0	0	-9.60883	0	11.5834	0
131669	0	15.9715	0	0	0	0	0	0	0	0	0	11.2746	0	-17.7386	0	0	0	0	0	0	-13.7342	0	0	0	4.03174	-3.23456	0	0	-9.56716	0	12.9966	0
131670	0	14.8945	0	0	0	0	0	0	0	0	0	10.2885	0	-17.1023	0	0	0	0	0	0	-11.9525	0	0	0	2.93985	-1.64676	0	0	-11.1142	0	13.6929	0
131671	0	14.4839	0	0	0	0	0	0	0	0	0	9.68119	0	-17.4861	0	0	0	0	0	0	-13.1254	0	0	0	2.72391	-1.57618	0	0	-11.8659	0	17.1645	0
131672	0	13.9894	0	0	0	0	0	0	0	0	0	9.55726	0	-18	0	0	0	0	0	0	-10.9969	0	0	0	2.65975	-2.01943	0	0	-12.2846	0	17.0945	0
131673	0	13.0738	0	0	0	0	0	0	0	0	0	9.15223	0	-17.0004	0	0	0	0	0	0	-11.235	0	0	0	2.23585	-4.76188	0	0	-11.8436	0	20.379	0
131674	0	15.4546	0	0	0	0	0	0	0	0	0	11.5814	0	-15.2723	0	0	0	0	0	0	-6.5887	0	0	0	4.85546	-4.65526	0	0	-5.64756	0	25.9016	-25.6293
131675	0	14.3385	0	0	0	0	0	0	0	0	0	11.055	0	-15.3944	0	0	0	0	0	0	-5.8492	0	0	0	4.05694	-5.58727	0	0	-5.19257	0	24.4349	-21.8619
131676	0	14.7353	0	0	0	0	0	0	0	0	0	11.0558	0	-16.7111	0	0	0	0	0	0	-10.7775	0	0	0	4.13454	-3.74358	0	0	-4.77093	0	24.7927	-18.7152
131677	0	17.0797	0	0	0	0	0	0	0	0	0	13.275	0	-14.2243	0	0	0	0	0	0	-6.08859	0	0	0	6.46535	1.78179	0	0	-2.08939	0	0	-16.1995
131678	0	18.0026	0	0	0	0	0	0	0	0	0	14.1428	0	-14.9152	0	0	0	0	0	0	-1.93101	0	0	0	7.25278	-0.189189	0	0	-0.32507	0	0	-22.0377
131679	0	18.1121	0	0	0	0	0	0	0	0	0	14.4942	0	-14.2409	0	0	0	0	0	0	-0.89875	0	0	0	7.64585	-0.77704	0	0	-0.815594	0	0	-23.5199
131680	0	17.0548	0	0	0	0	0	0	0	0	0	13.5832	0	-11.3156	0	0	0	0	0	0	0.406643	0	0	0	6.83749	-1.49556	0	0	-1.46257	0	0	-23.6084
131681	0	16.6172	0	0	0	0	0	0	0	0	0	13.1264	0	-11.6734	0	0	0	0	0	0	-0.302964	0	0	0	6.5182	-1.11668	0	0	-0.819819	0	0	-22.349
131682	0	12.7188	0	0	0	0	0	0	0	0	0	9.26166	0	-11.4635	0	0	0	0	0	0	-6.04348	0	0	0	2.6425	-1.38246	0	0	-5.73358	0	0	0
131683	0	13.3327	0	0	0	0	0	0	0	0	0	9.54301	0	-11.6998	0	0	0	0	0	0	-7.91706	0	0	0	3.05246	0	0	0	-6.31137	0	0	0
131684	0	13.4766	0	0	0	0	0	0	0	0	0	9.79976	0	-10.0267	0	0	0	0	0	0	-9.87631	0	0	0	3.16727	0	0	0	-6.5407	0	0	0
131685	0	12.6032	0	0	0	0	0	0	0	0	0	8.81263	0	-7.02647	0	0	0	0	0	0	-9.46719	0	0	0	2.35225	0	0	0	-7.27438	0	0	0
131686	0	11.4533	0	0	0	0	0	0	0	0	0	8.36962	0	-5.7973	0	0	0	0	0	0	-11.8818	0	0	0	1.70611	3.14497	0	0	-6.9949	0	0	0
131687	0	14.958	0	0	0	0	0	0	0	0	0	12.5555	0	-1.05032	0	0	0	0	0	0	-8.21899	0	0	0	4.85122	6.21481	0	0	-3.98196	0	0	-25.3283
131688	0	14.0264	0	0	0	0	0	0	0	0	0	11.7121	0	0.40933	0	0	0	0	0	0	-10.0479	0	0	0	4.40656	5.56164	0	0	-4.16821	0	0	-21.8999
131689	0	10.873	0	0	0	0	0	0	0	0	0	8.77815	0	-3.79309	0	0	0	0	0	0	-14.1329	0	0	0	1.1123	4.43846	0	0	-7.27591	0	0	0
131690	0	11.3823	0	0	0	0	0	0	0	0	0	9.52484	0	-7.17977	0	0	0	0	0	0	-14.2754	0	0	0	1.69056	4.11423	0	0	-5.25675	0	0	0
131691	0	11.4578	0	0	0	0	0	0	0	0	0	9.82072	0	-6.89333	0	0	0	0	0	0	-12.7396	0	0	0	2.0361	0	0	0	-3.68176	0	0	0
131692	0	9.78804	0	0	0	0	0	0	0	0	0	8.21466	0	-6.35679	0	0	0	0	0	0	-9.80742	0	0	0	0.645436	0	0	0	-2.48392	0	0	0
131693	0	10.1822	0	0	0	0	0	0	0	0	0	8.63808	0	-7.79866	0	0	0	0	0	0	-8.91146	0	0	0	1.23188	0	0	0	-3.34203	0	0	0
131694	0	10.7397	0	0	0	0	0	0	0	0	0	9.12058	0	-9.41141	0	0	0	0	0	0	-8.57567	0	0	0	1.5109	0	0	0	-3.38408	0	0	0
131695	0	10.0426	0	0	0	0	0	0	0	0	0	8.97722	0	-6.66235	0	0	0	0	0	0	-8.56008	0	0	0	1.39962	0	0	0	-5.19706	0	0	0
131696	0	9.7794	0	0	0	0	0	0	0	0	0	9.11106	0	-7.0769	0	0	0	0	0	0	-7.95291	0	0	0	1.26014	0	0	0	-5.12079	0	0	0
131697	0	10.3484	0	0	0	0	0	0	0	0	0	9.76349	0	-8.81698	0	0	0	0	0	0	-7.42887	0	0	0	1.79628	0	0	0	-5.66228	0	0	0
131698	0	10.4408	0	0	0	0	0	0	0	0	0	9.87877	0	-7.42409	0	0	0	0	0	0	-8.70679	0	0	0	2.3013	0	0	0	-6.48998	0	0	0
131699	0	13.013	0	0	0	0	0	0	0	0	0	11.8723	0	-7.82065	0	0	0	0	0	0	-15.4701	0	0	0	4.08253	0	0	0	-5.67708	0	0	0
131700	0	12.8299	0	0	0	0	0	0	0	0	0	11.652	0	-12.3275	0	0	0	0	0	0	-10.3122	0	0	0	3.83315	0	0	0	-5.67535	0	0	0
131701	0	12.131	0	0	0	0	0	0	0	0	0	11.1258	0	-12.0917	0	0	0	0	0	0	-10.1016	0	0	0	3.39126	0	0	0	-4.45474	0	0	0
131702	0	11.4406	0	0	0	0	0	0	0	0	0	10.1374	0	-10.3668	0	0	0	0	0	0	-11.4957	0	0	0	3.02815	0	0	0	-6.4206	0	3.67701	0
131703	0	12.4624	0	0	0	0	0	0	0	0	0	11.2893	0	-13.9822	0	0	0	0	0	0	-10.5309	0	0	0	3.85436	0	0	0	-5.35823	0	2.2652	0
131704	0	12.9315	0	0	0	0	0	0	0	0	0	11.6097	0	-15.0994	0	0	0	0	0	0	-9.71657	0	0	0	3.81414	0	0	0	-4.6932	0	1.15383	0
131705	0	15.9592	0	0	0	0	0	0	0	0	0	14.6202	0	-11.2437	0	0	0	0	0	0	-7.20635	0	0	0	6.78686	0	0	0	-0.799185	0	2.25914	-20.3762
131706	0	16.5038	0	0	0	0	0	0	0	0	0	15.1221	0	-11.61	0	0	0	0	0	0	-4.47334	0	0	0	7.20729	0	0	0	-1.78914	0	0.0595162	-21.0202
131707	0	16.9405	0	0	0	0	0	0	0	0	0	15.342	0	-13.2824	0	0	0	0	0	0	-3.85402	0	0	0	7.43304	0	0	0	-2.49597	0	-0.338985	-19.7441
131708	0	16.5908	0	0	0	0	0	0	0	0	0	15.1076	0	-11.8873	0	0	0	0	0	0	-3.62732	0	0	0	6.9777	0	0	0	-3.51951	0	-2.07521	-17.5667
131709	0	16.6053	0	0	0	0	0	0	0	0	0	15.3079	0	-11.0033	0	0	0	0	0	0	-1.30767	0	0	0	7.48922	0	0	0	-5.48908	0	-5.25493	-16.3474
131710	0	15.9466	0	0	0	0	0	0	0	0	0	14.7744	0	0	0	0	0	0	0	0	-4.03136	0	0	0	6.48177	0	0	0	-9.51193	0	-7.58262	-16.0768
131711	0	17.9005	0	0	0	0	0	0	0	0	0	16.6883	0	-10.5075	0	0	0	0	0	0	-1.34051	0	0	0	8.50632	0	0	0	-9.79813	0	-7.52617	-13.9228
131712	0	16.2335	0	0	0	0	0	0	0	0	0	15.0779	0	0	0	0	0	0	0	0	-4.94787	0	0	0	7.10261	0	0	0	-6.33391	0	-11.2492	-15.8831
131713	0	17.3305	0	0	0	0	0	0	0	0	0	16.2669	0	-8.7207	0	0	0	0	0	0	-3.05041	0	0	0	8.22783	0	0	0	-6.17995	0	-9.02523	-14.8489
131714	0	17.1462	0	0	0	0	0	0	0	0	0	16.0707	0	-6.40877	0	0	0	0	0	0	-1.58649	0	0	0	7.96784	0	0	0	-10.2838	0	-10.1605	-12.7451
131715	0	17.7232	0	0	0	0	0	0	0	0	0	16.3919	0	-4.55119	0	0	0	0	0	0	-2.10847	0	0	0	8.63546	0	0	0	-12.0139	0	-10.5798	-13.4973
131716	0	18.0209	0	0	0	0	0	0	0	0	0	16.9405	0	-3.51662	0	0	0	0	0	0	-2.84731	0	0	0	8.71036	0	0	0	-11.7037	0	-12.9463	-12.6578
131717	0	18.5071	0	0	0	0	0	0	0	0	0	17.1636	0	-3.78822	0	0	0	0	0	0	-4.14655	0	0	0	8.94834	0	0	0	-12.2447	0	-11.5571	-12.8825
131718	0	18.966	0	0	0	0	0	0	0	0	0	17.578	0	-4.37789	0	0	0	0	0	0	-4.85226	0	0	0	9.60462	0	0	0	-12.1164	0	-13.7391	-11.063
131719	0	19.0299	0	0	0	0	0	0	0	0	0	17.764	0	-2.53832	0	0	0	0	0	0	-6.08235	0	0	0	9.84922	0	0	0	-11.6515	0	-15.698	-10.6729
131720	0	18.7371	0	0	0	0	0	0	0	0	0	16.9133	0	-1.16298	0	0	0	0	0	0	-0.888323	0	0	0	9.17064	0	0	0	-12.9321	0	-18.2768	-11.5608
131721	0	19.886	0	0	0	0	0	0	0	0	0	18.1069	0	-2.39719	0	0	0	0	0	0	-1.81576	0	0	0	10.0305	0	0	0	-13.1912	0	-20.2005	-10.4187
131722	0	20.3443	0	0	0	0	0	0	0	0	0	18.5322	0	-5.30191	0	0	0	0	0	0	-1.80932	0	0	0	10.4186	0	0	0	-11.8125	0	-20.4167	-9.95476
131723	0	19.9159	0	0	0	0	0	0	0	0	0	18.3942	0	-4.05315	0	0	0	0	0	0	0.173674	0	0	0	10.0341	0	0	0	-11.9066	0	-23.8593	-8.69873
131724	0	19.5188	0	0	0	0	0	0	0	0	0	17.6426	0	-5.40197	0	0	0	0	0	0	1.483	0	0	0	9.28922	0	0	0	-10.8974	0	-22.124	-9.51031
131725	0	20.0891	0	0	0	0	0	0	0	0	0	18.1557	0	-9.61669	0	0	0	0	0	0	-1.90141	0	0	0	9.89622	0	0	0	-7.37799	0	-20.0247	-9.22013
131726	0	19.166	0	0	0	0	0	0	0	0	0	17.595	0	-9.48165	0	0	0	0	0	0	-0.949073	0	0	0	9.18524	0	0	0	-6.54847	0	-18.975	-9.99202
131727	0	17.5291	0	0	0	0	0	0	0	0	0	15.7714	0	0	0	0	0	0	0	0	-1.37203	0	0	0	7.52562	0	0	0	-8.58923	0	-20.2545	-10.6104
131728	0	18.8768	0	0	0	0	0	0	0	0	0	17.2822	0	-16.3795	0	0	0	0	0	0	0.728907	0	0	0	9.10443	0	0	0	-6.03255	0	-16.2298	-7.3505
131729	0	19.2544	0	0	0	0	0	0	0	0	0	17.649	0	-17.7095	0	0	0	0	0	0	-2.89378	0	0	0	9.56554	0	0	0	-4.63057	0	-14.3892	-6.84585
131730	0	19.6818	0	0	0	0	0	0	0	0	0	18.302	0	-20.5193	0	0	0	0	0	0	-2.25924	0	0	0	10.0164	0	0	0	-5.68402	0	-13.0407	-6.49702
131731	0	19.6107	0	0	0	0	0	0	0	0	0	17.9424	0	-17.9672	0	0	0	0	0	0	-3.43031	0	0	0	9.64657	0	0	0	-4.68966	0	-11.1275	-9.98495
131732	0	17.1921	0	0	0	0	0	0	0	0	0	15.3583	0	0	0	0	0	0	0	0	-7.45302	0	0	0	7.36645	0	0	0	-7.77155	0	-12.5314	-12.1609
131733	0	19.1907	0	0	0	0	0	0	0	0	0	16.9303	0	-18.5764	0	0	0	0	0	0	-0.54782	0	0	0	9.27747	0	0	0	-3.8462	0	-11.622	-10.8061
131734	0	16.5503	0	0	0	0	0	0	0	0	0	14.3353	0	0	0	0	0	0	0	0	-4.45698	0	0	0	6.43705	0	0	0	-6.24493	0	-13.4504	-13.1704
131735	0	19.05	0	0	0	0	0	0	0	0	0	17.1428	0	-15.7766	0	0	0	0	0	0	-6.8888	0	0	0	9.15627	0	0	0	-1.04446	0	-11.1782	-10.461
131736	0	18.982	0	0	0	0	0	0	0	0	0	16.9909	0	-16.874	0	0	0	0	0	0	-3.76326	0	0	0	8.73289	0	0	0	-2.05995	0	-11.5968	-10.4117
131737	0	20.0196	0	0	0	0	0	0	0	0	0	17.9802	0	-15.7344	0	0	0	0	0	0	-6.66722	0	0	0	9.70399	0	0	0	-3.04419	0	-12.7518	-9.50618
131738	0	20.4004	0	0	0	0	0	0	0	0	0	18.2874	0	-14.382	0	0	0	0	0	0	-5.27016	0	0	0	10.0541	0	0	0	-6.56239	0	-14.4773	-8.04992
131739	0	20.6609	0	0	0	0	0	0	0	0	0	18.7106	0	-15.8052	0	0	0	0	0	0	-5.74507	0	0	0	10.5902	-0.453638	0	0	-7.65431	0	-13.5757	-6.72784
131740	0	21.5136	0	0	0	0	0	0	0	0	0	19.4563	0	-12.9832	0	0	0	0	0	0	-5.94857	0	0	0	11.5274	-2.17437	0	0	-9.14991	0	-15.1976	-7.04369
131741	0	21.7273	0	0	0	0	0	0	0	0	0	19.433	0	-15.6195	0	0	0	0	0	0	-4.0755	0	0	0	12.1058	-2.17933	0	0	-8.27556	0	-16.5783	-6.53796
131742	0	22.2781	0	0	0	0	0	0	0	0	0	20.149	0	-15.9059	0	0	0	0	0	0	-4.14035	0	0	0	12.4116	-1.78696	0	0	-7.64103	0	-18.0327	-7.33185
131743	0	21.3739	0	0	0	0	0	0	0	0	0	19.3149	0	-15.8616	0	0	0	0	0	0	-2.86607	0	0	0	11.717	0	0	0	-8.92513	0	-15.4375	-9.31554
131744	0	21.4423	0	0	0	0	0	0	0	0	0	19.5763	0	-15.9383	0	0	0	0	0	0	-1.5506	0	0	0	12.3363	-1.37196	0	0	-8.52235	0	-15.029	-10.9426
131745	0	21.2946	0	0	0	0	0	0	0	0	0	19.4392	0	-13.6427	0	0	0	0	0	0	-3.33703	0	0	0	12.1472	-1.35804	0	0	-9.95096	0	-12.9528	-11.6394
131746	0	21.1176	0	0	0	0	0	0	0	0	0	19.5703	0	-13.2988	0	0	0	0	0	0	-5.19413	0	0	0	12.174	-1.26086	0	0	-9.29851	0	-10.296	-13.5137
131747	0	20.221	0	0	0	0	0	0	0	0	0	18.8083	0	-12.1767	0	0	0	0	0	0	-3.9731	0	0	0	11.6045	-0.557855	0	0	-9.36674	0	-9.293	-15.2664
131748	0	17.7981	0	0	0	0	0	0	0	0	0	16.4423	0	-12.1126	0	0	0	0	0	0	-5.54992	0	0	0	9.88485	-0.535646	0	0	-8.98177	0	0	-16.9453
131749	0	17.8965	0	0	0	0	0	0	0	0	0	16.3105	0	-11.502	0	0	0	0	0	0	-5.79846	0	0	0	9.9372	-0.357446	0	0	-7.24578	0	0	-19.2405
131750	0	17.831	0	0	0	0	0	0	0	0	0	16.1727	0	-12.3758	0	0	0	0	0	0	-5.32735	0	0	0	10.1058	-1.76618	0	0	-4.66272	0	0	-19.9774
131751	0	18.0966	0	0	0	0	0	0	0	0	0	16.4979	0	-9.99852	0	0	0	0	0	0	-10.2376	0	0	0	10.4671	-2.19885	0	0	-1.98514	0	0	-20.6415
131752	0	18.9405	0	0	0	0	0	0	0	0	0	17.2975	0	-12.1501	0	0	0	0	0	0	-7.02	0	0	0	11.3292	-0.134504	0	0	3.45088	0	-11.068	-20.6453
131753	0	18.941	0	0	0	0	0	0	0	0	0	17.6211	0	-13.3156	0	0	0	0	0	0	-6.92918	0	0	0	11.2531	-0.772601	0	0	5.10221	0	-11.5714	-20.3286
131754	0	17.2345	0	0	0	0	0	0	0	0	0	15.9245	0	-16.7933	0	0	0	0	0	0	-8.97928	0	0	0	9.4011	-2.03664	0	0	5.53394	0	0	-20.2847
131755	0	17.0121	0	0	0	0	0	0	0	0	0	15.9223	0	-16.0588	0	0	0	0	0	0	-10.9387	0	0	0	9.23511	-4.42598	0	0	7.82401	0	0	-18.5701
131756	0	16.6169	0	0	0	0	0	0	0	0	0	15.8095	0	-18.5014	0	0	0	0	0	0	-7.66746	0	0	0	8.70555	-4.99067	0	0	9.29465	0	0	-19.2671
131757	0	15.9815	0	0	0	0	0	0	0	0	0	15.431	0	-19.1981	0	0	0	0	0	0	-7.68779	0	0	0	7.84079	-1.7392	0	0	8.8836	0	0	-19.5118
131758	0	13.3687	0	0	0	0	0	0	0	0	0	12.8319	0	-20.2521	0	0	0	0	0	0	-14.6997	0	0	0	4.89518	-3.93822	0	0	7.79429	0	0	0
131759	0	13.7776	0	0	0	0	0	0	0	0	0	13.6656	0	-21.7251	0	0	0	0	0	0	-14.7959	0	0	0	5.17311	-4.63431	0	0	8.53908	0	0	0
131760	0	14.442	0	0	0	0	0	0	0	0	0	14.3718	0	-23.3819	0	0	0	0	0	0	-12.5487	0	0	0	5.69023	-5.36341	0	0	6.78995	0	0	0
131761	0	14.2613	0	0	0	0	0	0	0	0	0	14.0942	0	-22.8854	0	0	0	0	0	0	-12.6446	0	0	0	5.36341	-5.54221	0	0	7.35321	0	0	0
131762	0	14.9368	0	0	0	0	0	0	0	0	0	14.3598	0	-20.8812	0	0	0	0	0	0	-13.7312	0	0	0	5.62354	-5.5633	0	0	5.25553	0	0	0
131763	0	14.4506	0	0	0	0	0	0	0	0	0	14.2673	0	-21.6385	0	0	0	0	0	0	-9.99146	0	0	0	5.14193	-5.42917	0	0	3.19921	0	0	0
131764	0	14.5227	0	0	0	0	0	0	0	0	0	14.6033	0	-22.6257	0	0	0	0	0	0	-11.0041	0	0	0	5.04536	-3.86471	0	0	3.32314	0	0	0
131765	0	14.2844	0	0	0	0	0	0	0	0	0	14.6386	0	-18.953	0	0	0	0	0	0	-10.0734	0	0	0	4.78788	-4.8797	0	0	0.195314	0	0	0
131766	0	14.8661	0	0	0	0	0	0	0	0	0	15.9224	0	-17.9709	0	0	0	0	0	0	-12.2199	0	0	0	5.24699	-3.79251	0	0	-2.0523	0	0	0
131767	0	14.5378	0	0	0	0	0	0	0	0	0	15.5033	0	-18.2769	0	0	0	0	0	0	-10.1431	0	0	0	4.82352	-1.26	0	0	-5.18466	0	0	0
131768	0	14.1184	0	0	0	0	0	0	0	0	0	15.1163	0	-15.5011	0	0	0	0	0	0	-8.33775	0	0	0	4.4498	-2.25671	0	0	-7.58889	0	0	0
131769	0	14.4106	0	0	0	0	0	0	0	0	0	15.2325	0	-17.5311	0	0	0	0	0	0	-6.22796	0	0	0	4.83256	-0.901911	0	0	-9.81465	0	0	0
131770	0	13.9286	0	0	0	0	0	0	0	0	0	14.4359	0	-15.6092	0	0	0	0	0	0	-6.1109	0	0	0	4.31154	-0.688132	0	0	-10.2678	0	0	0
131771	0	13.5	0	0	0	0	0	0	0	0	0	14.0865	0	-14.8672	0	0	0	0	0	0	-4.99509	0	0	0	4.21171	0.0411607	0	0	-11.9771	0	0	0
131772	0	13.4714	0	0	0	0	0	0	0	0	0	14.2602	0	-13.0914	0	0	0	0	0	0	-6.17236	0	0	0	4.34735	-0.409183	0	0	-12.406	0	0	0
131773	0	12.9528	0	0	0	0	0	0	0	0	0	13.4738	0	-9.53146	0	0	0	0	0	0	-4.67814	0	0	0	4.12512	-1.59421	0	0	-12.6541	0	0	-2.09381
131774	0	13.4769	0	0	0	0	0	0	0	0	0	14.0018	0	-8.36949	0	0	0	0	0	0	-5.47104	0	0	0	4.9819	-2.67907	0	0	-12.2267	0	0	-3.7142
131775	0	14.0397	0	0	0	0	0	0	0	0	0	14.2903	0	-5.70607	0	0	0	0	0	0	-6.27449	0	0	0	5.90487	-2.90537	0	0	-13.8293	0	0	-5.51954
131776	0	14.0198	0	0	0	0	0	0	0	0	0	13.9274	0	-5.25129	0	0	0	0	0	0	-6.87223	0	0	0	5.67936	-4.29048	0	0	-17.0712	0	5.93078	-6.07209
131777	0	14.3878	0	0	0	0	0	0	0	0	0	13.8924	0	-5.10967	0	0	0	0	0	0	-5.85734	0	0	0	6.42773	-6.8846	0	0	-18.5212	0	7.80239	-6.13753
131778	0	15.2526	0	0	0	0	0	0	0	0	0	14.7044	0	-3.32262	0	0	0	0	0	0	-6.02639	0	0	0	7.12459	-6.48676	0	0	-23.4189	0	8.43447	-6.26137
131779	0	15.3646	0	0	0	0	0	0	0	0	0	15.1137	0	-0.773312	0	0	0	0	0	0	-7.23295	0	0	0	7.70693	-4.7741	0	0	-24.193	0	7.29286	-8.50471
131780	0	15.8202	0	0	0	0	0	0	0	0	0	15.571	0	-0.431223	0	0	0	0	0	0	-8.13626	0	0	0	8.18057	-3.11938	0	0	-25.2699	0	5.41295	-8.02802
131781	0	15.9486	0	0	0	0	0	0	0	0	0	15.7895	0	-1.59739	0	0	0	0	0	0	-6.72856	0	0	0	8.2411	0.16235	0	0	-25.5318	0	2.68231	-8.96607
131782	0	16.31	0	0	0	0	0	0	0	0	0	16.1113	0	-0.65768	0	0	0	0	0	0	-7.14357	0	0	0	8.8764	0.501077	0	0	-24.1393	0	0.350565	-10.2088
131783	0	17.3854	0	0	0	0	0	0	0	0	0	16.9213	0	-4.18989	0	0	0	0	0	0	-6.76278	0	0	0	9.95657	4.0228	0	0	-21.0389	0	-3.87599	-12.4185
131784	0	17.796	0	0	0	0	0	0	0	0	0	17.3296	0	-1.55811	0	0	0	0	0	0	-7.4708	0	0	0	10.4782	5.15219	0	0	-21.0644	0	-7.2315	-13.4312
131785	0	18.3874	0	0	0	0	0	0	0	0	0	18.0332	0	-2.68378	0	0	0	0	0	0	-6.93897	0	0	0	11.1471	7.6139	0	0	-21.7476	0	-11.4707	-12.3406
131786	0	18.7542	0	0	0	0	0	0	0	0	0	18.3389	0	-5.10159	0	0	0	0	0	0	-6.23561	0	0	0	11.8459	9.08319	0	0	-19.96	0	-12.7757	-13.9493
131787	0	18.5804	0	0	0	0	0	0	0	0	0	18.6374	0	-7.0074	0	0	0	0	0	0	-5.75526	0	0	0	12.1016	7.7346	0	0	-18.6439	0	-12.5708	-13.0766
131788	0	18.472	0	0	0	0	0	0	0	0	0	18.5312	0	-9.54905	0	0	0	0	0	0	-6.13097	0	0	0	11.8918	6.98351	0	0	-15.5357	0	-11.4803	-13.1825
131789	0	17.8471	0	0	0	0	0	0	0	0	0	18.2676	0	-11.729	0	0	0	0	0	0	-5.52753	0	0	0	11.682	6.33553	0	0	-15.6231	0	-9.69315	-11.5594
131790	0	15.9177	0	0	0	0	0	0	0	0	0	16.5523	0	-13.9166	0	0	0	0	0	0	-7.22844	0	0	0	10.0556	5.08975	0	0	-16.3614	0	-10.109	0
131791	0	15.9226	0	0	0	0	0	0	0	0	0	16.5195	0	-15.4382	0	0	0	0	0	0	-7.21834	0	0	0	10.0684	4.37355	0	0	-15.4191	0	-8.80841	0
131792	0	14.6423	0	0	0	0	0	0	0	0	0	15.7089	0	-16.2064	0	0	0	0	0	0	-9.39714	0	0	0	8.96341	6.29856	0	0	-14.9949	0	-5.01472	0
131793	0	13.606	0	0	0	0	0	0	0	0	0	14.8205	0	-15.3989	0	0	0	0	0	0	-10.5257	0	0	0	8.13876	7.83938	0	0	-14.0045	0	-4.47556	0
131794	0	13.1844	0	0	0	0	0	0	0	0	0	14.4609	0	-20.8116	0	0	0	0	0	0	-10.4424	0	0	0	8.27068	7.72651	0	0	-13.447	0	1.05866	0
131795	0	12.8398	0	0	0	0	0	0	0	0	0	14.1272	0	-23.1927	0	0	0	0	0	0	-10.3919	0	0	0	7.95769	9.27003	0	0	-14.3663	0	3.75608	0
131796	0	12.9409	0	0	0	0	0	0	0	0	0	14.2317	0	-26.6581	0	0	0	0	0	0	-10.8779	0	0	0	8.30134	8.26665	0	0	-11.4028	0	5.19815	0
131797	0	13.4833	0	0	0	0	0	0	0	0	0	14.6305	0	-28.8304	0	0	0	0	0	0	-10.308	0	0	0	8.92208	6.91073	0	0	-11.9947	0	7.1866	0
131798	0	13.5301	0	0	0	0	0	0	0	0	0	14.4389	0	-30.0793	0	0	0	0	0	0	-11.6434	0	0	0	9.26696	8.51454	0	0	-11.0586	0	7.03085	0
131799	0	13.6604	0	0	0	0	0	0	0	0	0	14.4281	0	-30.5323	0	0	0	0	0	0	-12.5424	0	0	0	9.77552	6.8691	0	0	-8.53015	0	6.87182	0
131800	0	13.3616	0	0	0	0	0	0	0	0	0	14.2775	0	-29.8821	0	0	0	0	0	0	-13.1774	0	0	0	9.88278	6.95862	0	0	-9.28447	0	7.86342	0
131801	0	13.3209	0	0	0	0	0	0	0	0	0	14.2116	0	-26.9441	0	0	0	0	0	0	-13.2276	0	0	0	10.0752	5.38687	0	0	-8.50749	0	5.68456	0
131802	0	13.2371	0	0	0	0	0	0	0	0	0	13.8249	0	-26.7222	0	0	0	0	0	0	-12.0255	0	0	0	9.74635	4.42675	0	0	-7.03246	0	4.5451	0
131803	0	13.1354	0	0	0	0	0	0	0	0	0	13.849	0	-19.6373	0	0	0	0	0	0	-13.2107	0	0	0	9.92473	3.67582	0	0	-6.65785	0	2.41977	-3.4989
131804	0	13.6025	0	0	0	0	0	0	0	0	0	14.5392	0	-20.0576	0	0	0	0	0	0	-13.4392	0	0	0	10.3769	3.38055	0	0	-5.49688	0	-2.90547	0
131805	0	14.4917	0	0	0	0	0	0	0	0	0	15.173	0	-17.075	0	0	0	0	0	0	-12.1422	0	0	0	11.0435	2.26876	0	0	-3.24249	0	-5.05087	-5.46637
131806	0	15.3194	0	0	0	0	0	0	0	0	0	16.0084	0	-15.4223	0	0	0	0	0	0	-14.6632	0	0	0	11.3972	2.80592	0	0	-3.34485	0	-5.32893	-6.77163
131807	0	14.6374	0	0	0	0	0	0	0	0	0	15.3616	0	-12.9704	0	0	0	0	0	0	-16.4823	0	0	0	10.8275	1.55457	0	0	-3.02043	0	-9.90806	0
131808	0	16.2636	0	0	0	0	0	0	0	0	0	17.0419	0	-14.6613	0	0	0	0	0	0	-14.6803	0	0	0	12.3322	1.85274	0	0	-3.27631	0	-8.19967	-6.67293
131809	0	16.1514	0	0	0	0	0	0	0	0	0	17.2817	0	-14.5603	0	0	0	0	0	0	-12.379	0	0	0	11.8559	2.13168	0	0	-2.67981	0	-9.48549	-8.316
131810	0	17.0243	0	0	0	0	0	0	0	0	0	18.0629	0	-17.7091	0	0	0	0	0	0	-9.23683	0	0	0	12.5147	3.85856	0	0	-5.1995	0	-10.0734	-9.24153
131811	0	16.6176	0	0	0	0	0	0	0	0	0	18.36	0	-17.3419	0	0	0	0	0	0	-7.21293	0	0	0	12.14	2.62238	0	0	-5.58773	0	-10.2825	-9.31479
131812	0	18.1373	0	0	0	0	0	0	0	0	0	19.2412	0	-18.4893	0	0	0	0	0	0	-7.682	0	0	0	13.0216	1.62914	0	0	-6.50177	0	-8.95698	-10.3991
131813	0	18.5626	0	0	0	0	0	0	0	0	0	20.0851	0	-18.9283	0	0	0	0	0	0	-7.51365	0	0	0	13.4213	-0.545292	0	0	-7.21937	0	-7.72174	-10.1406
131814	0	19.6772	0	0	0	0	0	0	0	0	0	21.0613	0	-18.812	0	0	0	0	0	0	-8.44029	0	0	0	13.9189	-2.47483	0	0	-6.76817	0	-7.56753	-10.5946
131815	0	19.8351	0	0	0	0	0	0	0	0	0	21.1695	0	-17.588	0	0	0	0	0	0	-8.58308	0	0	0	13.9676	-4.53173	0	0	-5.66005	0	-8.63103	-9.9783
131816	0	20.3062	0	0	0	0	0	0	0	0	0	21.4963	0	-18.0172	0	0	0	0	0	0	-7.73649	0	0	0	14.1654	-5.73393	0	0	-7.09226	0	-9.01404	-8.37407
131817	0	21.6926	0	0	0	0	0	0	0	0	0	23.1847	0	-18.7036	0	0	0	0	0	0	-7.55826	0	0	0	15.1059	-6.01161	0	0	-7.34792	0	-12.5469	-7.8149
131818	0	22.3305	0	0	0	0	0	0	0	0	0	23.6463	0	-21.8431	0	0	0	0	0	0	-6.98972	0	0	0	15.6139	-5.57127	0	0	-9.26849	0	-10.8679	-7.05022
131819	0	21.4241	0	0	0	0	0	0	0	0	0	22.7133	0	-20.2307	0	0	0	0	0	0	-5.64024	0	0	0	14.7713	-6.8143	0	0	-11.7043	0	-14.5191	0
131820	0	22.214	0	0	0	0	0	0	0	0	0	23.766	0	-22.5966	0	0	0	0	0	0	-4.44836	0	0	0	15.4437	-7.7389	0	0	-13.0549	0	-13.585	0
131821	0	23.8422	0	0	0	0	0	0	0	0	0	25.3357	0	-21.3878	0	0	0	0	0	0	-3.87081	0	0	0	16.8166	-7.30109	0	0	-11.6829	0	-13.7749	-7.97693
131822	0	23.9539	0	0	0	0	0	0	0	0	0	25.0761	0	-17.4411	0	0	0	0	0	0	-2.48442	0	0	0	16.2996	-8.05636	0	0	-10.9816	0	-16.8589	-9.50717
131823	0	23.4926	0	0	0	0	0	0	0	0	0	24.7424	0	-16.6882	0	0	0	0	0	0	-3.86514	0	0	0	16.0579	-6.75765	0	0	-12.2933	0	-13.7703	-10.9183
131824	0	23.7021	0	0	0	0	0	0	0	0	0	25.1071	0	-17.2309	0	0	0	0	0	0	-5.00666	0	0	0	16.5413	-8.18143	0	0	-10.5175	0	-13.0026	-11.4114
131825	0	21.9233	0	0	0	0	0	0	0	0	0	23.075	0	-20.7949	0	0	0	0	0	0	-4.31032	0	0	0	14.5846	-11.1653	0	0	-12.5453	0	-10.7671	0
131826	0	22.1438	0	0	0	0	0	0	0	0	0	23.5061	0	-19.2829	0	0	0	0	0	0	-4.38458	0	0	0	15.3097	-14.0512	0	0	-10.2969	0	-12.9441	0
131827	0	22.1105	0	0	0	0	0	0	0	0	0	23.2748	0	-20.4187	0	0	0	0	0	0	-4.9959	0	0	0	14.8929	-15.3055	0	0	-10.2919	0	-9.26621	0
131828	0	21.8267	0	0	0	0	0	0	0	0	0	22.9166	0	-18.7634	0	0	0	0	0	0	-4.8235	0	0	0	14.6637	-15.8847	0	0	-10.3284	0	-9.60705	0
131829	0	22.0851	0	0	0	0	0	0	0	0	0	23.1197	0	-19.0907	0	0	0	0	0	0	-3.94698	0	0	0	14.6299	-16.6973	0	0	-10.0933	0	-10.0064	0
131830	0	21.7615	0	0	0	0	0	0	0	0	0	22.463	0	-19.3927	0	0	0	0	0	0	-0.916862	0	0	0	14.3125	-16.9308	0	0	-9.60308	0	-11.6936	0
131831	0	21.3585	0	0	0	0	0	0	0	0	0	21.7983	0	-19.8036	0	0	0	0	0	0	1.14873	0	0	0	13.7694	-18.9704	0	0	-9.79453	0	-9.50637	0
131832	0	20.8804	0	0	0	0	0	0	0	0	0	21.5574	0	-19.6909	0	0	0	0	0	0	1.15483	0	0	0	13.4325	-19.3827	0	0	-9.85185	0	-8.09972	0
131833	0	20.4637	0	0	0	0	0	0	0	0	0	21.4405	0	-20.4014	0	0	0	0	0	0	2.23048	0	0	0	13.0018	-21.0503	0	0	-10.5112	0	-5.17344	0
131834	0	20.1366	0	0	0	0	0	0	0	0	0	21.3537	0	-21.2177	0	0	0	0	0	0	2.99933	0	0	0	12.9071	-23.2469	0	0	-10.0081	0	-2.92407	0
131835	0	19.801	0	0	0	0	0	0	0	0	0	20.8411	0	-21.6881	0	0	0	0	0	0	3.529	0	0	0	12.3522	-22.9905	0	0	-8.96396	0	-2.88067	0
131836	0	19.9607	0	0	0	0	0	0	0	0	0	21.1571	0	-20.5585	0	0	0	0	0	0	3.73881	0	0	0	12.792	-24.9078	0	0	-9.1436	0	-3.03863	0
131837	0	19.8196	0	0	0	0	0	0	0	0	0	20.9207	0	-18.3808	0	0	0	0	0	0	3.16416	0	0	0	12.7149	-27.0464	0	0	-9.63303	0	-1.55914	0
131838	0	20.3069	0	0	0	0	0	0	0	0	0	21.5324	0	-20.1936	0	0	0	0	0	0	3.45848	0	0	0	13.591	-29.5677	0	0	-10.5151	0	1.38769	0
131839	0	20.501	0	0	0	0	0	0	0	0	0	21.5646	0	-18.8742	0	0	0	0	0	0	2.67937	0	0	0	13.286	-28.0275	0	0	-10.9316	0	-0.197733	0
131840	0	20.5948	0	0	0	0	0	0	0	0	0	21.5942	0	-14.4038	0	0	0	0	0	0	0.662143	0	0	0	13.4064	-29.1341	0	0	-11.3873	0	-1.33228	0
131841	0	20.7575	0	0	0	0	0	0	0	0	0	21.7989	0	-14.0299	0	0	0	0	0	0	2.13038	0	0	0	13.5629	-31.0085	0	0	-13.0309	0	-0.180393	0
131842	0	20.8189	0	0	0	0	0	0	0	0	0	21.2758	0	-13.0628	0	0	0	0	0	0	4.27898	0	0	0	13.812	-32.1018	0	0	-14.3571	0	-0.663993	0
131843	0	20.8193	0	0	0	0	0	0	0	0	0	20.9114	0	-12.7271	0	0	0	0	0	0	4.33882	0	0	0	13.444	-32.3564	0	0	-14.9853	0	0.55537	0
131844	0	20.4948	0	0	0	0	0	0	0	0	0	20.4244	0	-14.8401	0	0	0	0	0	0	5.35282	0	0	0	13.0061	-31.722	0	0	-15.738	0	3.02182	0
131845	0	20.2762	0	0	0	0	0	0	0	0	0	19.8182	0	-13.788	0	0	0	0	0	0	5.07317	0	0	0	12.3535	-31.8705	0	0	-17.2225	0	5.36008	0
131846	0	20.4863	0	0	0	0	0	0	0	0	0	19.9389	0	-17.2317	0	0	0	0	0	0	4.98317	0	0	0	12.4021	-30.8999	0	0	-17.7812	0	8.10238	0
131847	0	21.8165	0	0	0	0	0	0	0	0	0	20.78	0	-19.9775	0	0	0	0	0	0	5.1461	0	0	0	13.2677	-30.7537	0	0	-20.0642	0	9.78511	0
131848	0	21.3886	0	0	0	0	0	0	0	0	0	20.4232	0	-17.8538	0	0	0	0	0	0	4.23683	0	0	0	12.5344	-32.0328	0	0	-20.3972	0	11.7007	0
131849	0	20.9553	0	0	0	0	0	0	0	0	0	20.019	0	-19.8921	0	0	0	0	0	0	2.82144	0	0	0	11.6409	-31.9724	0	0	-19.68	0	16.1078	0
131850	0	20.4087	0	0	0	0	0	0	0	0	0	19.3025	0	-19.6216	0	0	0	0	0	0	2.75511	0	0	0	10.8543	-31.2215	0	0	-19.914	0	17.4366	0
131851	0	17.0833	0	0	0	0	0	0	0	0	0	15.966	0	0	0	0	0	0	0	0	-1.51538	0	0	0	7.14285	-34.2165	0	0	-22.9266	0	18.4663	0
131852	0	17.0953	0	0	0	0	0	0	0	0	0	15.6632	0	0	0	0	0	0	0	0	-2.73104	0	0	0	6.74479	-34.5186	0	0	-24.7397	0	22.4861	0
131853	0	20.6958	0	0	0	0	0	0	0	0	0	19.0029	0	-23.0465	0	0	0	0	0	0	0.284191	0	0	0	10.173	-30.8557	0	0	-23.4617	0	27.208	0
131854	0	20.5428	0	0	0	0	0	0	0	0	0	18.9225	0	-23.7138	0	0	0	0	0	0	-0.91098	0	0	0	9.81515	-31.9222	0	0	-20.17	0	27.4365	0
131855	0	21.0998	0	0	0	0	0	0	0	0	0	19.5362	0	-21.9383	0	0	0	0	0	0	-2.00141	0	0	0	9.91646	-32.8183	0	0	-21.9792	0	28.1847	0
131856	0	21.9501	0	0	0	0	0	0	0	0	0	19.8605	0	-20.92	0	0	0	0	0	0	-3.18559	0	0	0	10.069	-32.0325	0	0	-22.2125	0	26.4709	0
131857	0	22.6247	0	0	0	0	0	0	0	0	0	20.1505	0	-18.8768	0	0	0	0	0	0	-2.80354	0	0	0	10.4671	-31.6652	0	0	-22.6652	0	22.7685	0
131858	0	23.1215	0	0	0	0	0	0	0	0	0	20.814	0	-16.8841	0	0	0	0	0	0	-1.35475	0	0	0	10.7855	-31.4657	0	0	-23.0689	0	18.0523	0
131859	0	22.8144	0	0	0	0	0	0	0	0	0	20.3963	0	-16.7458	0	0	0	0	0	0	-1.10556	0	0	0	10.1627	-30.0793	0	0	-21.0133	0	15.5705	0
131860	0	23.1158	0	0	0	0	0	0	0	0	0	20.327	0	-16.814	0	0	0	0	0	0	1.93906	0	0	0	9.97623	-30.2381	0	0	-20.67	0	12.364	0
131861	0	23.8446	0	0	0	0	0	0	0	0	0	21.1406	0	-13.771	0	0	0	0	0	0	2.78183	0	0	0	10.4987	-31.8614	0	0	-21.5484	0	8.91504	0
131862	0	24.3262	0	0	0	0	0	0	0	0	0	21.2551	0	-12.7586	0	0	0	0	0	0	3.15625	0	0	0	10.6453	-33.4774	0	0	-19.9082	0	7.05297	-0.291571
131863	0	24.9668	0	0	0	0	0	0	0	0	0	21.382	0	-13.8768	0	0	0	0	0	0	3.30283	0	0	0	10.9359	-32.263	0	0	-19.9586	0	3.73772	1.77319
131864	0	25.2046	0	0	0	0	0	0	0	0	0	21.1953	0	-12.7662	0	0	0	0	0	0	3.84647	0	0	0	11.053	-33.0553	0	0	-18.2392	0	0.606255	2.15508
131865	0	25.6786	0	0	0	0	0	0	0	0	0	21.7962	0	-10.4284	0	0	0	0	0	0	4.25689	0	0	0	11.2602	-33.1125	0	0	-17.828	0	-0.463558	-1.15947
131866	0	26.1793	0	0	0	0	0	0	0	0	0	22.2075	0	-12.1857	0	0	0	0	0	0	4.46431	0	0	0	11.6361	-33.7261	0	0	-14.5804	0	-2.37717	-1.61791
131867	0	26.2123	0	0	0	0	0	0	0	0	0	22.5718	0	-11.4215	0	0	0	0	0	0	3.24143	0	0	0	11.9481	-32.546	0	0	-13.6765	0	-5.31489	-1.01474
131868	0	26.8168	0	0	0	0	0	0	0	0	0	23.2825	0	-10.2028	0	0	0	0	0	0	0.624126	0	0	0	12.6769	-31.77	0	0	-14.5741	0	-6.9374	0.0838727
131869	0	26.5397	0	0	0	0	0	0	0	0	0	23.1483	0	-7.627	0	0	0	0	0	0	3.3259	0	0	0	12.4829	-33.1043	0	0	-14.4076	0	-9.81472	-0.543124
131870	0	26.5519	0	0	0	0	0	0	0	0	0	23.1396	0	-8.16816	0	0	0	0	0	0	3.0686	0	0	0	12.1793	-32.1582	0	0	-14.606	0	-10.2542	0.247233
131871	0	28.2078	0	0	0	0	0	0	0	0	0	24.5322	0	-11.6499	0	0	0	0	0	0	-0.27669	0	0	0	13.6789	-30.1513	0	0	-15.211	0	-10.3478	1.2179
131872	0	27.3321	0	0	0	0	0	0	0	0	0	23.5956	0	-8.54043	0	0	0	0	0	0	3.57208	0	0	0	12.5183	-30.1947	0	0	-17.4141	0	-10.3885	-0.480382
131873	0	27.3758	0	0	0	0	0	0	0	0	0	23.8246	0	-8.57224	0	0	0	0	0	0	2.55298	0	0	0	12.3844	-27.8771	0	0	-17.8947	0	-12.823	1.02923
131874	0	27.0274	0	0	0	0	0	0	0	0	0	23.1138	0	-8.70316	0	0	0	0	0	0	1.81092	0	0	0	12.0441	-28.1487	0	0	-16.3331	0	-11.4594	0.648326
131875	0	26.6532	0	0	0	0	0	0	0	0	0	22.8589	0	-8.75	0	0	0	0	0	0	1.0318	0	0	0	12.108	-27.7202	0	0	-15.9226	0	-10.259	0
131876	0	26.8073	0	0	0	0	0	0	0	0	0	22.8376	0	-8.87415	0	0	0	0	0	0	1.07509	0	0	0	11.7517	-28.1226	0	0	-16.1354	0	-9.33952	0
131877	0	27.2742	0	0	0	0	0	0	0	0	0	23.1833	0	-10.1725	0	0	0	0	0	0	0.957409	0	0	0	12.173	-30.6275	0	0	-13.6272	0	-9.16079	0
131878	0	27.5692	0	0	0	0	0	0	0	0	0	23.5511	0	-11.9167	0	0	0	0	0	0	-1.31518	0	0	0	12.3552	-30.3707	0	0	-14.2658	0	-8.92474	3.31757
131879	0	27.9617	0	0	0	0	0	0	0	0	0	24.0269	0	-10.0335	0	0	0	0	0	0	-2.43708	0	0	0	13.0911	-32.0127	0	0	-12.2678	0	-10.7964	2.46782
131880	0	28.7437	0	0	0	0	0	0	0	0	0	24.9814	0	-9.36979	0	0	0	0	0	0	-0.327542	0	0	0	13.8701	-34.4936	0	0	-11.2675	0	-12.1367	0
131881	0	28.9409	0	0	0	0	0	0	0	0	0	25.3182	0	-11.6677	0	0	0	0	0	0	2.56466	0	0	0	14.4332	-31.668	0	0	-12.9457	0	-14.9755	0
131882	0	29.4802	0	0	0	0	0	0	0	0	0	25.493	0	-13.2346	0	0	0	0	0	0	3.56295	0	0	0	15.2189	-31.0985	0	0	-12.4057	0	-17.0162	0
131883	0	29.8653	0	0	0	0	0	0	0	0	0	26.3531	0	-12.7169	0	0	0	0	0	0	4.21278	0	0	0	15.757	-30.2711	0	0	-12.7613	0	-20.4389	0
131884	0	30.5151	0	0	0	0	0	0	0	0	0	27.2531	0	-15.8732	0	0	0	0	0	0	5.09874	0	0	0	16.6321	-29.1598	0	0	-11.5345	0	-22.9315	0
131885	0	30.5209	0	0	0	0	0	0	0	0	0	27.3104	0	-18.0281	0	0	0	0	0	0	4.19555	0	0	0	16.5431	-27.7917	0	0	-12.5219	0	-20.2284	0
131886	0	29.9887	0	0	0	0	0	0	0	0	0	27.1632	0	-17.54	0	0	0	0	0	0	5.43932	0	0	0	16.4072	-27.3785	0	0	-11.8832	0	-22.1966	0
131887	0	30.3984	0	0	0	0	0	0	0	0	0	28.082	0	-19.8743	0	0	0	0	0	0	6.54956	0	0	0	16.797	-25.0879	0	0	-15.7906	0	-21.0741	0
131888	0	30.2186	0	0	0	0	0	0	0	0	0	28.3262	0	-21.8418	0	0	0	0	0	0	6.87626	0	0	0	16.9141	-22.7216	0	0	-15.7413	0	-22.0305	0
131889	0	31.3996	0	0	0	0	0	0	0	0	0	29.1477	0	-22.2168	0	0	0	0	0	0	2.61094	0	0	0	18.1241	-20.1617	0	0	-15.378	0	-23.5258	0
131890	0	30.7074	0	0	0	0	0	0	0	0	0	28.6305	0	-20.3416	0	0	0	0	0	0	3.94779	0	0	0	17.7865	-18.6702	0	0	-16.3989	0	-25.6614	0
131891	0	29.6549	0	0	0	0	0	0	0	0	0	27.7985	0	-20.4969	0	0	0	0	0	0	8.29006	0	0	0	16.8468	-19.9626	0	0	-16.1047	0	-26.6279	0.601826
131892	0	30.078	0	0	0	0	0	0	0	0	0	28.3482	0	-22.6092	0	0	0	0	0	0	4.22036	0	0	0	17.2721	-19.8994	0	0	-10.4693	0	-28.0619	1.12112
131893	0	29.7569	0	0	0	0	0	0	0	0	0	28.3738	0	-23.0614	0	0	0	0	0	0	3.75817	0	0	0	17.488	-20.3078	0	0	-8.93698	0	-28.9462	1.87558
131894	0	28.196	0	0	0	0	0	0	0	0	0	27.1793	0	-23.3435	0	0	0	0	0	0	5.64904	0	0	0	15.9085	-21.6397	0	0	-4.99692	0	-29.2003	2.24764
131895	0	26.7227	0	0	0	0	0	0	0	0	0	26.1179	0	-25.0774	0	0	0	0	0	0	4.57164	0	0	0	14.4628	-21.4074	0	0	-1.56232	0	-25.8656	2.03758
131896	0	25.9438	0	0	0	0	0	0	0	0	0	25.3342	0	-24.3407	0	0	0	0	0	0	5.13769	0	0	0	14.0895	-22.0404	0	0	-0.905577	0	-23.1687	-0.049814
131897	0	25.0681	0	0	0	0	0	0	0	0	0	24.8136	0	-23.1374	0	0	0	0	0	0	2.56005	0	0	0	13.5	-21.2235	0	0	1.36494	0	-20.2778	-2.66799
131898	0	25.3115	0	0	0	0	0	0	0	0	0	25.2918	0	-24.2739	0	0	0	0	0	0	1.50085	0	0	0	14.0148	-21.9728	0	0	2.05002	0	-16.8237	-5.0986
131899	0	24.5225	0	0	0	0	0	0	0	0	0	24.801	0	-25.7134	0	0	0	0	0	0	2.08613	0	0	0	13.3517	-21.1956	0	0	0.438087	0	-14.8703	-3.4202
131900	0	24.3611	0	0	0	0	0	0	0	0	0	24.4861	0	-27.1052	0	0	0	0	0	0	-1.2662	0	0	0	13.0222	-21.2197	0	0	-1.22657	0	-10.4805	-0.571233
131901	0	24.4014	0	0	0	0	0	0	0	0	0	24.7328	0	-30.768	0	0	0	0	0	0	0.772929	0	0	0	13.0893	-20.5248	0	0	-1.38894	0	-11.348	1.03336
131902	0	24.8404	0	0	0	0	0	0	0	0	0	25.1446	0	-28.7137	0	0	0	0	0	0	1.49007	0	0	0	13.0692	-21.5318	0	0	-2.25162	0	-14.3269	2.27964
131903	0	24.9965	0	0	0	0	0	0	0	0	0	25.5287	0	-26.3875	0	0	0	0	0	0	-2.61448	0	0	0	13.5805	-20.5683	0	0	-4.01628	0	-13.0575	2.53842
131904	0	24.9201	0	0	0	0	0	0	0	0	0	25.5516	0	-28.0669	0	0	0	0	0	0	-0.435602	0	0	0	12.9895	-18.9887	0	0	-3.8579	0	-11.9828	-0.129231
131905	0	25.0949	0	0	0	0	0	0	0	0	0	26.0286	0	-26.8813	0	0	0	0	0	0	-1.41868	0	0	0	12.9929	-17.4085	0	0	-7.9849	0	-9.90368	-0.519293
131906	0	25.3377	0	0	0	0	0	0	0	0	0	26.087	0	-27.8302	0	0	0	0	0	0	0.439181	0	0	0	12.9624	-14.5712	0	0	-9.66148	0	-10.1966	-2.56681
131907	0	24.874	0	0	0	0	0	0	0	0	0	25.7901	0	-29.7512	0	0	0	0	0	0	0.585433	0	0	0	12.4463	-11.5832	0	0	-10.5784	0	-9.97174	-1.81132
131908	0	24.3405	0	0	0	0	0	0	0	0	0	25.5129	0	-28.116	0	0	0	0	0	0	1.12285	0	0	0	12.1164	-9.28184	0	0	-10.0376	0	-11.1398	-4.51748
131909	0	23.1182	0	0	0	0	0	0	0	0	0	24.5315	0	-28.5957	0	0	0	0	0	0	-1.78733	0	0	0	11.1877	0	0	0	-9.57446	0	-11.6064	-7.27352
131910	0	22.2156	0	0	0	0	0	0	0	0	0	23.5405	0	-29.0996	0	0	0	0	0	0	3.20284	0	0	0	10.0233	0	0	0	-8.20648	0	-11.0087	-10.6675
131911	0	22.1576	0	0	0	0	0	0	0	0	0	23.5446	0	-27.9514	0	0	0	0	0	0	0.485482	0	0	0	9.90706	0	0	0	-8.45392	0	-8.49887	-11.1905
131912	0	21.4391	0	0	0	0	0	0	0	0	0	22.6722	0	-24.1955	0	0	0	0	0	0	-2.23948	0	0	0	9.22042	0	0	0	-7.32842	0	-7.84187	-11.7264
131913	0	19.3285	0	0	0	0	0	0	0	0	0	20.3664	0	-23.1269	0	0	0	0	0	0	-6.64584	0	0	0	7.1534	0	0	0	-8.06558	0	-9.01008	0
131914	0	20.2148	0	0	0	0	0	0	0	0	0	21.2255	0	-22.0142	0	0	0	0	0	0	-4.06941	0	0	0	8.29554	0	0	0	-1.97505	0	-8.22536	-13.4518
131915	0	19.9861	0	0	0	0	0	0	0	0	0	21.0851	0	-21.052	0	0	0	0	0	0	-4.06648	0	0	0	8.19473	0	0	0	-1.23941	0	-11.8506	-11.0574
131916	0	19.3542	0	0	0	0	0	0	0	0	0	20.0378	0	-17.3295	0	0	0	0	0	0	-5.16606	0	0	0	7.35342	0	0	0	0.123173	0	-12.3772	-11.9958
131917	0	16.6362	0	0	0	0	0	0	0	0	0	17.6046	0	0	0	0	0	0	0	0	-8.34432	0	0	0	5.00485	0	0	0	-1.25414	0	-14.8034	-14.8438
131918	0	13.8158	0	0	0	0	0	0	0	0	0	15.0364	0	0	0	0	0	0	0	0	-10.0557	0	0	0	2.47836	0	0	0	-2.27956	0	-18.9953	0
131919	0	13.506	0	0	0	0	0	0	0	0	0	14.8675	0	0	0	0	0	0	0	0	-7.48673	0	0	0	2.08142	0	0	0	-2.37317	0	-20.595	0
131920	0	16.6041	0	0	0	0	0	0	0	0	0	18.1874	0	-20.3861	0	0	0	0	0	0	-5.51577	0	0	0	5.40959	0	0	0	0.749867	0	-15.0491	0
131921	0	17.0444	0	0	0	0	0	0	0	0	0	18.6161	0	-18.4288	0	0	0	0	0	0	-7.38174	0	0	0	6.0044	0	0	0	1.87003	0	-17.7244	0
131922	0	19.5444	0	0	0	0	0	0	0	0	0	21.0982	0	-16.4398	0	0	0	0	0	0	-5.85415	0	0	0	8.73182	0	0	0	2.38944	0	-18.2406	-11.2293
131923	0	19.217	0	0	0	0	0	0	0	0	0	21.0081	0	-14.115	0	0	0	0	0	0	-5.26184	0	0	0	8.63478	0	0	0	0.588035	0	-18.7978	-11.2734
131924	0	19.5661	0	0	0	0	0	0	0	0	0	21.3264	0	-14.9129	0	0	0	0	0	0	-5.44251	0	0	0	9.02534	0	0	0	-1.5309	0	-16.8777	-11.1538
131925	0	17.3791	0	0	0	0	0	0	0	0	0	19.5558	0	-14.4641	0	0	0	0	0	0	-7.91604	0	0	0	7.11843	0	0	0	-7.04036	0	0	-14.6328
131926	0	15.0051	0	0	0	0	0	0	0	0	0	17.1556	0	-18.5949	0	0	0	0	0	0	-6.78217	0	0	0	5.12361	0	0	0	-11.9073	0	0	0
131927	0	16.0077	0	0	0	0	0	0	0	0	0	17.951	0	-20.7315	0	0	0	0	0	0	-7.40312	0	0	0	5.64463	0	0	0	-11.4687	0	0	0
131928	0	19.0745	0	0	0	0	0	0	0	0	0	21.0923	0	-19.8044	0	0	0	0	0	0	-6.54536	0	0	0	8.72161	0	0	0	-5.64091	0	0	-16.8977
131929	0	18.6125	0	0	0	0	0	0	0	0	0	20.6111	0	-19.2079	0	0	0	0	0	0	-3.47629	0	0	0	8.51716	0	0	0	-7.30251	0	0	-17.754
131930	0	19.1833	0	0	0	0	0	0	0	0	0	20.9818	0	-17.4167	0	0	0	0	0	0	-4.33989	0	0	0	9.37484	0	0	0	-7.78225	0	0	-20.0011
131931	0	19.8447	0	0	0	0	0	0	0	0	0	21.5937	0	-17.6067	0	0	0	0	0	0	-3.36883	0	0	0	10.0644	0	0	0	-8.15332	0	0	-22.3739
131932	0	22.2007	0	0	0	0	0	0	0	0	0	23.606	0	-16.2805	0	0	0	0	0	0	-0.843618	0	0	0	12.4605	0	0	0	-5.59882	0	-13.541	-22.0032
131933	0	22.7932	0	0	0	0	0	0	0	0	0	23.9705	0	-16.4513	0	0	0	0	0	0	-1.74053	0	0	0	12.9391	0	0	0	-2.7829	0	-15.9621	-22.7659
131934	0	23.1983	0	0	0	0	0	0	0	0	0	24.7695	0	-17.206	0	0	0	0	0	0	-3.32295	0	0	0	13.7832	0	0	0	-3.21615	0	-15.8187	-22.1872
131935	0	19.8962	0	0	0	0	0	0	0	0	0	21.8987	0	-23.757	0	0	0	0	0	0	-6.20518	0	0	0	10.7401	0	0	0	-6.23027	0	-16.3425	0
131936	0	20.7651	0	0	0	0	0	0	0	0	0	22.7476	0	-23.9161	0	0	0	0	0	0	-7.48233	0	0	0	11.4175	0	0	0	-8.33585	0	-15.1958	0
131937	0	20.8094	0	0	0	0	0	0	0	0	0	22.8527	0	-24.6421	0	0	0	0	0	0	-6.81027	0	0	0	11.4391	0	0	0	-8.55183	0	-15.097	0
131938	0	20.742	0	0	0	0	0	0	0	0	0	22.9445	0	-26.6354	0	0	0	0	0	0	-6.78284	0	0	0	11.6402	0	0	0	-8.17201	0	-13.7364	0
131939	0	21.5886	0	0	0	0	0	0	0	0	0	24.0401	0	-27.4219	0	0	0	0	0	0	-5.68489	0	0	0	12.3835	0	0	0	-10.568	0	-14.3373	0
131940	0	21.0721	0	0	0	0	0	0	0	0	0	23.5044	0	-24.5585	0	0	0	0	0	0	-6.18631	0	0	0	11.8889	0	0	0	-9.8679	0	-15.8527	0
131941	0	22.3659	0	0	0	0	0	0	0	0	0	24.8949	0	-23.6319	0	0	0	0	0	0	-4.68609	0	0	0	13.1817	0	0	0	-14.5724	0	-17.5522	0
131942	0	21.4701	0	0	0	0	0	0	0	0	0	24.3688	0	-24.5499	0	0	0	0	0	0	-5.45452	0	0	0	12.262	0	0	0	-9.42495	0	-18.6716	0
131943	0	22.1889	0	0	0	0	0	0	0	0	0	24.9536	0	-23.3686	0	0	0	0	0	0	-5.04518	0	0	0	12.7071	0	0	0	-14.3014	0	-17.1345	0
131944	0	23.0372	0	0	0	0	0	0	0	0	0	25.8013	0	-23.6933	0	0	0	0	0	0	-3.82623	0	0	0	13.5556	-10.3882	0	0	-10.5319	0	-13.9545	0
131945	0	23.1512	0	0	0	0	0	0	0	0	0	25.8997	0	-20.6294	0	0	0	0	0	0	-3.4119	0	0	0	13.8998	-13.1553	0	0	-12.059	0	-13.6951	0
131946	0	23.1757	0	0	0	0	0	0	0	0	0	25.7889	0	-21.7162	0	0	0	0	0	0	-3.63718	0	0	0	13.7128	-15.3455	0	0	-7.37533	0	-14.6032	0
131947	0	23.7629	0	0	0	0	0	0	0	0	0	26.1212	0	-20.7871	0	0	0	0	0	0	-3.0646	0	0	0	13.673	-15.8269	0	0	-9.71891	0	-14.1596	0
131948	0	23.8418	0	0	0	0	0	0	0	0	0	26.4275	0	-18.3462	0	0	0	0	0	0	-3.18395	0	0	0	13.486	-18.5584	0	0	-8.20741	0	-15.4593	0
131949	0	24.6218	0	0	0	0	0	0	0	0	0	27.1932	0	-18.0699	0	0	0	0	0	0	-2.31454	0	0	0	14.0907	-16.9383	0	0	-11.7001	0	-16.8829	0
131950	0	24.226	0	0	0	0	0	0	0	0	0	26.9601	0	-19.0781	0	0	0	0	0	0	-2.96154	0	0	0	13.8022	-15.9237	0	0	-13.1481	0	-13.8769	0
131951	0	23.7494	0	0	0	0	0	0	0	0	0	26.2647	0	-19.5168	0	0	0	0	0	0	-3.36684	0	0	0	12.9562	-13.7476	0	0	-10.0954	0	-16.2438	0
131952	0	24.2008	0	0	0	0	0	0	0	0	0	26.5436	0	-19.1449	0	0	0	0	0	0	-3.14977	0	0	0	13.0068	-13.4235	0	0	-9.77835	0	-18.2547	0
131953	0	24.8189	0	0	0	0	0	0	0	0	0	27.1574	0	-18.5405	0	0	0	0	0	0	-2.58298	0	0	0	13.6724	-15.9395	0	0	-13.2374	0	-15.3484	0
131954	0	25.5089	0	0	0	0	0	0	0	0	0	27.453	0	-18.3046	0	0	0	0	0	0	0.044748	0	0	0	14.2126	-18.3629	0	0	-14.2069	0	-16.3449	0
131955	0	26.0394	0	0	0	0	0	0	0	0	0	27.9495	0	-18.0053	0	0	0	0	0	0	-1.66641	0	0	0	14.8411	-22.0852	0	0	-14.2965	0	-12.7765	0
131956	0	26.1934	0	0	0	0	0	0	0	0	0	28.2989	0	-19.1073	0	0	0	0	0	0	0.0412547	0	0	0	15.0616	-20.71	0	0	-13.7321	0	-16.0457	0
131957	0	27.4674	0	0	0	0	0	0	0	0	0	29.2909	0	-20.2539	0	0	0	0	0	0	-2.86368	0	0	0	15.8383	-21.5619	0	0	-10.2495	0	-17.6675	0
131958	0	26.4159	0	0	0	0	0	0	0	0	0	28.248	0	-20.5977	0	0	0	0	0	0	-4.10678	0	0	0	14.5548	-22.8338	0	0	-11.1157	0	-10.5647	0
131959	0	26.0262	0	0	0	0	0	0	0	0	0	27.7211	0	-19.6817	0	0	0	0	0	0	-2.3498	0	0	0	14.0324	-22.9867	0	0	-11.1532	0	-11.6083	0
131960	0	25.7519	0	0	0	0	0	0	0	0	0	26.9283	0	-20.19	0	0	0	0	0	0	-0.852637	0	0	0	12.992	-22.6368	0	0	-8.36967	0	-13.623	0
131961	0	25.5646	0	0	0	0	0	0	0	0	0	26.6351	0	-21.6275	0	0	0	0	0	0	-1.82491	0	0	0	12.6179	-21.2105	0	0	-7.22569	0	-12.929	0
131962	0	24.3714	0	0	0	0	0	0	0	0	0	25.4784	0	-20.7419	0	0	0	0	0	0	-2.59017	0	0	0	11.2851	-18.3609	0	0	-7.64494	0	-11.797	0
131963	0	24.093	0	0	0	0	0	0	0	0	0	25.2303	0	-20.5335	0	0	0	0	0	0	-2.59763	0	0	0	10.7135	-19.2609	0	0	-5.27251	0	-12.3723	0
131964	0	23.8765	0	0	0	0	0	0	0	0	0	24.6803	0	-19.0284	0	0	0	0	0	0	-3.06661	0	0	0	10.469	-19.7552	0	0	-6.25743	0	-10.9182	0
131965	0	23.205	0	0	0	0	0	0	0	0	0	24.3322	0	-17.0838	0	0	0	0	0	0	-3.65899	0	0	0	9.89515	-19.1915	0	0	-6.46617	0	-11.0319	0
131966	0	22.941	0	0	0	0	0	0	0	0	0	24.3071	0	-16.3498	0	0	0	0	0	0	-3.97448	0	0	0	9.54916	-19.9443	0	0	-7.61867	0	-8.91004	0
131967	0	22.5294	0	0	0	0	0	0	0	0	0	23.6922	0	-12.8795	0	0	0	0	0	0	-4.66419	0	0	0	8.83231	-19.759	0	0	-9.87744	0	-7.87379	0
131968	0	23.2605	0	0	0	0	0	0	0	0	0	24.2574	0	-8.19208	0	0	0	0	0	0	-3.99288	0	0	0	9.80262	-21.551	0	0	-14.9101	0	-8.67452	0
131969	0	23.5659	0	0	0	0	0	0	0	0	0	24.1379	0	-6.4473	0	0	0	0	0	0	-4.28797	0	0	0	9.75749	-19.6118	0	0	-18.6398	0	-8.4744	0
131970	0	23.6856	0	0	0	0	0	0	0	0	0	23.7305	0	-2.83328	0	0	0	0	0	0	-4.21012	0	0	0	9.63488	-19.9488	0	0	-18.7238	0	-11.335	0
131971	0	23.8649	0	0	0	0	0	0	0	0	0	24.0573	0	-2.16519	0	0	0	0	0	0	-3.92401	0	0	0	10.1775	-19.7164	0	0	-20.4399	0	-11.8542	0
131972	0	24.0481	0	0	0	0	0	0	0	0	0	24.4693	0	0.239045	0	0	0	0	0	0	-3.72082	0	0	0	10.3612	-20.4011	0	0	-23.5556	0	-11.4402	0
131973	0	24.6269	0	0	0	0	0	0	0	0	0	24.9306	0	-1.08359	0	0	0	0	0	0	-2.98214	0	0	0	11.171	-19.4564	0	0	-24.5034	0	-12.7029	0
131974	0	24.7602	0	0	0	0	0	0	0	0	0	25.0364	0	-2.01814	0	0	0	0	0	0	-2.83675	0	0	0	11.4953	-19.6861	0	0	-24.3163	0	-12.4345	0
131975	0	24.4831	0	0	0	0	0	0	0	0	0	24.97	0	-1.29074	0	0	0	0	0	0	-3.04035	0	0	0	11.2731	-16.6755	0	0	-26.0394	0	-13.6803	0
131976	0	23.5511	0	0	0	0	0	0	0	0	0	24.1904	0	0.287136	0	0	0	0	0	0	-3.69762	0	0	0	11.1153	-17.4307	0	0	-25.5106	0	-12.5051	0
131977	0	24.1282	0	0	0	0	0	0	0	0	0	24.4514	0	-0.155082	0	0	0	0	0	0	-3.28163	0	0	0	11.9292	-18.9852	0	0	-26.2724	0	-11.8144	0
131978	0	23.8094	0	0	0	0	0	0	0	0	0	24.1072	0	0.710128	0	0	0	0	0	0	-3.0717	0	0	0	11.8334	-20.725	0	0	-27.1175	0	-9.54587	0
131979	0	23.3265	0	0	0	0	0	0	0	0	0	23.8199	0	1.90445	0	0	0	0	0	0	-3.54877	0	0	0	11.2631	-20.1558	0	0	-28.9108	0	-7.69853	0
131980	0	18.9555	0	0	0	0	0	0	0	0	0	19.3156	0	0.20988	0	0	0	0	0	0	-7.86973	0	0	0	6.86944	-25.0326	0	0	0	0	-12.4482	0
131981	0	18.647	0	0	0	0	0	0	0	0	0	19.1819	0	1.57017	0	0	0	0	0	0	-8.3545	0	0	0	6.57684	-25.6685	0	0	0	0	-11.9529	0
131982	0	18.3305	0	0	0	0	0	0	0	0	0	18.6156	0	2.97947	0	0	0	0	0	0	-8.83777	0	0	0	6.53309	-25.8111	0	0	0	0	-11.8099	0
131983	0	17.6285	0	0	0	0	0	0	0	0	0	17.684	0	5.60444	0	0	0	0	0	0	-9.65358	0	0	0	5.8283	-25.5761	0	0	0	0	-11.5155	0
131984	0	22.364	0	0	0	0	0	0	0	0	0	21.8436	0	8.93369	0	0	0	0	0	0	-5.40637	0	0	0	10.2332	-19.9957	0	0	-31.4866	0	-6.48566	0
131985	0	22.0525	0	0	0	0	0	0	0	0	0	21.247	0	6.13866	0	0	0	0	0	0	-5.84758	0	0	0	10.0573	-17.9401	0	0	-32.9093	0	-2.79856	0
131986	0	22.0524	0	0	0	0	0	0	0	0	0	21.1915	0	7.4375	0	0	0	0	0	0	-6.05518	0	0	0	10.1181	-18.7711	0	0	-35.1013	0	-0.871921	0
131987	0	22.475	0	0	0	0	0	0	0	0	0	21.2037	0	9.59098	0	0	0	0	0	0	-5.48163	0	0	0	10.7099	-21.3306	0	0	-36.8782	0	-0.289108	0
131988	0	22.2131	0	0	0	0	0	0	0	0	0	20.7262	0	9.89542	0	0	0	0	0	0	-5.45206	0	0	0	10.6996	-20.7401	0	0	-41.4323	0	4.09007	0
131989	0	22.6017	0	0	0	0	0	0	0	0	0	21.129	0	7.20778	0	0	0	0	0	0	-4.69257	0	0	0	11.2128	-20.3413	0	0	-42.944	0	5.82649	0
131990	0	22.8775	0	0	0	0	0	0	0	0	0	21.2036	0	10.432	0	0	0	0	0	0	-4.39412	0	0	0	11.5296	-19.8158	0	0	-46.6264	0	4.79365	0
131991	0	25.1975	0	0	0	0	0	0	0	0	0	23.3078	0	0	0	0	0	0	0	0	-2.1464	0	0	0	13.7549	-19.6413	0	0	-46.9719	0	6.49928	0
131992	0	25.2967	0	0	0	0	0	0	0	0	0	23.4908	0	0	0	0	0	0	0	0	-2.51113	0	0	0	14.0512	-18.3852	0	0	-48.6294	0	6.68702	0
131993	0	25.8147	0	0	0	0	0	0	0	0	0	23.9384	0	0	0	0	0	0	0	0	-2.09842	0	0	0	14.7614	-19.6293	0	0	-50.1462	0	7.35946	0
131994	0	25.9923	0	0	0	0	0	0	0	0	0	24.2927	0	0	0	0	0	0	0	0	-1.46668	0	0	0	15.2048	-18.6966	0	0	-49.6463	0	4.31982	0
131995	0	25.807	0	0	0	0	0	0	0	0	0	24.0341	0	0	0	0	0	0	0	0	-1.40611	0	0	0	15.1409	-16.3863	0	0	-51.4797	0	4.2902	0
131996	0	26.2274	0	0	0	0	0	0	0	0	0	24.6283	0	0	0	0	0	0	0	0	-0.607957	0	0	0	15.7738	-16.7381	0	0	-51.5196	0	2.2362	0
131997	0	25.8536	0	0	0	0	0	0	0	0	0	24.1172	0	0	0	0	0	0	0	0	-1.16995	0	0	0	15.3372	-15.1837	0	0	-50.1972	0	1.24279	0
131998	0	26.2288	0	0	0	0	0	0	0	0	0	24.6458	0	0	0	0	0	0	0	0	-0.624128	0	0	0	15.7931	-14.6385	0	0	-51.6232	0	0.218091	0
131999	0	26.7472	0	0	0	0	0	0	0	0	0	25.2857	0	0	0	0	0	0	0	0	0.38886	0	0	0	16.2913	-15.5338	0	0	-53.7685	0	0.589285	0
132000	0	26.9076	0	0	0	0	0	0	0	0	0	25.5705	0	0	0	0	0	0	0	0	0.957877	0	0	0	16.2524	-14.8632	0	0	-52.6408	0	-2.18441	0
132001	0	26.8123	0	0	0	0	0	0	0	0	0	25.7945	0	0	0	0	0	0	0	0	1.05427	0	0	0	15.8656	-13.4843	0	0	-52.5875	0	-3.455	0
132002	0	26.8913	0	0	0	0	0	0	0	0	0	26.0649	0	0	0	0	0	0	0	0	1.10808	0	0	0	15.8752	-13.5321	0	0	-53.266	0	-3.14146	0
132003	0	27.0698	0	0	0	0	0	0	0	0	0	26.3243	0	0	0	0	0	0	0	0	1.66402	0	0	0	16.1628	-16.1547	0	0	-50.6851	0	-4.38108	0
132004	0	26.4415	0	0	0	0	0	0	0	0	0	25.6578	0	0	0	0	0	0	0	0	1.16155	0	0	0	15.5167	-14.5103	0	0	-51.0646	0	-3.20268	0
132005	0	26.0037	0	0	0	0	0	0	0	0	0	25.1323	0	0	0	0	0	0	0	0	0.850876	0	0	0	15.0127	-12.0428	0	0	-51.3482	0	-3.60858	0
132006	0	25.5731	0	0	0	0	0	0	0	0	0	24.6258	0	0	0	0	0	0	0	0	0.287033	0	0	0	14.5723	-12.3645	0	0	-50.7769	0	-1.91679	0
132007	0	25.9138	0	0	0	0	0	0	0	0	0	24.5444	0	0	0	0	0	0	0	0	0.443505	0	0	0	14.7151	-13.1581	0	0	-51.0994	0	-1.35932	0
132008	0	25.6533	0	0	0	0	0	0	0	0	0	24.4583	0	0	0	0	0	0	0	0	0.192278	0	0	0	14.2958	-14.2517	0	0	-49.6919	0	-0.656063	0
132009	0	17.4907	0	0	0	0	0	0	0	0	0	16.5865	0	0	0	0	0	0	0	0	-7.72403	0	0	0	6.48439	-24.6215	0	0	0	0	-8.21612	0
132010	0	17.3686	0	0	0	0	0	0	0	0	0	16.5575	0	0	0	0	0	0	0	0	-7.85141	0	0	0	6.33358	-25.3409	0	0	0	0	-7.06734	0
132011	0	25.6664	0	0	0	0	0	0	0	0	0	24.9602	0	0	0	0	0	0	0	0	0.172242	0	0	0	14.5719	-19.3546	0	0	-47.4409	0	1.42482	0
132012	0	25.4395	0	0	0	0	0	0	0	0	0	24.7539	0	0	0	0	0	0	0	0	-0.0481124	0	0	0	14.2022	-19.3321	0	0	-46.0726	0	1.05726	0
132013	0	26.2591	0	0	0	0	0	0	0	0	0	25.5536	0	0	0	0	0	0	0	0	0.849558	0	0	0	15.3108	-23.5283	0	0	-45.82	0	1.37523	0
132014	0	25.2598	0	0	0	0	0	0	0	0	0	24.2756	0	0	0	0	0	0	0	0	-0.340579	0	0	0	14.3515	-21.093	0	0	-45.9801	0	3.52672	0
132015	0	25.2423	0	0	0	0	0	0	0	0	0	24.4188	0	0	0	0	0	0	0	0	0.194358	0	0	0	14.7271	-22.3305	0	0	-43.4468	0	1.19476	0
132016	0	25.7242	0	0	0	0	0	0	0	0	0	25.2564	0	0	0	0	0	0	0	0	0.933726	0	0	0	15.6061	-22.27	0	0	-43.0127	0	-2.23779	0
132017	0	26.2057	0	0	0	0	0	0	0	0	0	25.4771	0	0	0	0	0	0	0	0	1.23811	0	0	0	16.009	-22.0656	0	0	-42.0278	0	-4.83645	0
132018	0	26.3002	0	0	0	0	0	0	0	0	0	25.6805	0	0	0	0	0	0	0	0	1.297	0	0	0	16.2734	-24.9482	0	0	-41.2188	0	-3.38415	0
132019	0	25.3436	0	0	0	0	0	0	0	0	0	25.2371	0	0	0	0	0	0	0	0	0.629267	0	0	0	15.7874	-27.0101	0	0	-40.0896	0	0.102388	0
132020	0	25.0857	0	0	0	0	0	0	0	0	0	25.0767	0	0	0	0	0	0	0	0	0.461437	0	0	0	15.4023	-25.2101	0	0	-40.2844	0	-0.531769	0
132021	0	18.4794	0	0	0	0	0	0	0	0	0	18.3443	0	0	0	0	0	0	0	0	-6.1751	0	0	0	8.58571	-29.9631	0	0	0	0	-9.27125	0
132022	0	18.328	0	0	0	0	0	0	0	0	0	18.4362	0	0	0	0	0	0	0	0	-6.33744	0	0	0	8.62952	-31.7552	0	0	0	0	-7.30117	0
132023	0	17.8025	0	0	0	0	0	0	0	0	0	18.2707	0	0	0	0	0	0	0	0	-6.56658	0	0	0	8.29472	-33.5152	0	0	0	0	-4.28612	0
132024	0	18.5142	0	0	0	0	0	0	0	0	0	18.9615	0	0	0	0	0	0	0	0	-6.02781	0	0	0	9.14017	-34.9756	0	0	0	0	-5.61238	0
132025	0	22.9234	0	0	0	0	0	0	0	0	0	23.7805	0	0	0	0	0	0	0	0	-1.44921	0	0	0	14.1324	-28.6677	0	0	-30.0491	0	-0.67025	0
132026	0	23.4787	0	0	0	0	0	0	0	0	0	24.2427	0	0	0	0	0	0	0	0	-0.879605	0	0	0	14.7776	-26.9069	0	0	-31.2273	0	-3.48524	0
132027	0	23.3541	0	0	0	0	0	0	0	0	0	24.2376	0	0	0	0	0	0	0	0	-0.874453	0	0	0	14.9827	-26.7023	0	0	-31.3299	0	-3.66765	0
132028	0	23.7062	0	0	0	0	0	0	0	0	0	24.4419	0	0	0	0	0	0	0	0	-0.765645	0	0	0	15.4245	-29.48	0	0	-34.8979	0	1.57083	0
132029	0	22.9933	0	0	0	0	0	0	0	0	0	23.6803	0	0	0	0	0	0	0	0	-1.56278	0	0	0	14.9538	-29.3566	0	0	-34.4425	0	3.73446	0
132030	0	23.5511	0	0	0	0	0	0	0	0	0	24.3496	0	0	0	0	0	0	0	0	-1.11324	0	0	0	15.3917	-28.5421	0	0	-36.6498	0	3.01269	0
132031	0	27.3236	0	0	0	0	0	0	0	0	0	28.0361	0	-25.8487	0	0	0	0	0	0	2.841	0	0	0	18.9176	-23.8623	0	0	-33.5119	0	6.10463	0
132032	0	26.8638	0	0	0	0	0	0	0	0	0	27.5459	0	-23.5072	0	0	0	0	0	0	2.3994	0	0	0	18.774	-24.9978	0	0	-33.9851	0	6.90709	0
132033	0	27.0147	0	0	0	0	0	0	0	0	0	27.469	0	-21.624	0	0	0	0	0	0	2.50965	0	0	0	18.8876	-26.8874	0	0	-34.0989	0	6.72939	0
132034	0	26.3083	0	0	0	0	0	0	0	0	0	27.0964	0	-21.8589	0	0	0	0	0	0	2.46285	0	0	0	18.5235	-24.752	0	0	-34.1172	0	6.33717	0
132035	0	26.1962	0	0	0	0	0	0	0	0	0	26.7629	0	-22.3591	0	0	0	0	0	0	2.4019	0	0	0	18.3915	-23.989	0	0	-35.4765	0	8.07203	0
132036	0	25.8845	0	0	0	0	0	0	0	0	0	26.2417	0	-23.3164	0	0	0	0	0	0	2.01272	0	0	0	17.9596	-21.5011	0	0	-37.0948	0	9.8138	0
132037	0	25.8933	0	0	0	0	0	0	0	0	0	26.5941	0	-25.4147	0	0	0	0	0	0	2.6008	0	0	0	18.1754	-20.7118	0	0	-38.2164	0	11.0793	0
132038	0	27.3068	0	0	0	0	0	0	0	0	0	28.2321	0	-25.345	0	0	0	0	0	0	4.1509	0	0	0	19.8438	-22.3169	0	0	-39.2578	0	7.38608	0
132039	0	27.9055	0	0	0	0	0	0	0	0	0	28.4478	0	-26.4786	0	0	0	0	0	0	4.4436	0	0	0	19.9775	-25.578	0	0	-39.1491	0	10.4312	0
132040	0	27.7002	0	0	0	0	0	0	0	0	0	28.2817	0	-25.9688	0	0	0	0	0	0	3.89116	0	0	0	19.844	-21.7068	0	0	-41.9715	0	9.92995	0
132041	0	27.1643	0	0	0	0	0	0	0	0	0	27.8406	0	-28.7432	0	0	0	0	0	0	3.15018	0	0	0	19.2098	-21.2497	0	0	-43.1596	0	15.7875	0
132042	0	27.4081	0	0	0	0	0	0	0	0	0	28.0865	0	-26.0047	0	0	0	0	0	0	3.21752	0	0	0	19.4294	-23.5414	0	0	-42.6675	0	14.0721	0
132043	0	19.7086	0	0	0	0	0	0	0	0	0	20.2091	0	-34.4598	0	0	0	0	0	0	-4.72572	0	0	0	11.8411	-30.6214	0	0	0	0	18.0481	0
132044	0	18.4273	0	0	0	0	0	0	0	0	0	19.2855	0	-35.1749	0	0	0	0	0	0	-5.78573	0	0	0	11.0506	-34.0612	0	0	0	0	26.2584	0
132045	0	24.1794	0	0	0	0	0	0	0	0	0	25.0758	0	-24.7517	0	0	0	0	0	0	-0.0454378	0	0	0	17.4462	-25.8731	0	0	-47.3046	0	31.2735	0
132046	0	24.2098	0	0	0	0	0	0	0	0	0	25.4792	0	-24.5132	0	0	0	0	0	0	-0.0329372	0	0	0	17.5312	-20.496	0	0	-49.1826	0	27.0045	0
132047	0	24.3064	0	0	0	0	0	0	0	0	0	25.2804	0	-18.9866	0	0	0	0	0	0	-0.125989	0	0	0	17.469	-24.3917	0	0	-50.8267	0	27.2752	0
132048	0	23.9656	0	0	0	0	0	0	0	0	0	24.5514	0	-14.0417	0	0	0	0	0	0	-0.87207	0	0	0	17.0259	-24.7673	0	0	-51.0307	0	25.1688	0
132049	0	23.5307	0	0	0	0	0	0	0	0	0	23.7754	0	-11.778	0	0	0	0	0	0	-1.42156	0	0	0	16.8075	-24.6557	0	0	-52.1557	0	25.8975	0
132050	0	24.0694	0	0	0	0	0	0	0	0	0	24.1683	0	-7.54179	0	0	0	0	0	0	-0.872476	0	0	0	16.9914	-25.345	0	0	-55.2107	0	23.7408	0
132051	0	23.3144	0	0	0	0	0	0	0	0	0	23.742	0	-4.42066	0	0	0	0	0	0	-1.72782	0	0	0	16.488	-24.5655	0	0	-56.1634	0	23.333	0
132052	0	23.8309	0	0	0	0	0	0	0	0	0	24.224	0	-4.87512	0	0	0	0	0	0	-1.54454	0	0	0	17.1821	-24.8388	0	0	-57.1953	0	23.2168	0
132053	0	23.5945	0	0	0	0	0	0	0	0	0	24.2009	0	-2.39625	0	0	0	0	0	0	-1.80589	0	0	0	17.0232	-24.7689	0	0	-56.5875	0	20.74	0
132054	0	14.8536	0	0	0	0	0	0	0	0	0	15.668	0	-8.92375	0	0	0	0	0	0	-10.3246	0	0	0	8.65231	-32.2732	0	0	0	0	12.3476	0
132055	0	22.7368	0	0	0	0	0	0	0	0	0	23.5968	0	-2.60967	0	0	0	0	0	0	-2.33837	0	0	0	16.4477	-25.4425	0	0	-49.0675	0	16.6768	0
132056	0	22.6816	0	0	0	0	0	0	0	0	0	23.6167	0	1.9213	0	0	0	0	0	0	-1.95617	0	0	0	16.3353	-25.7858	0	0	-45.568	0	8.75495	0
132057	0	20.9105	0	0	0	0	0	0	0	0	0	21.8457	0	1.80014	0	0	0	0	0	0	-3.67084	0	0	0	14.5989	-27.6911	0	0	-42.5523	0	14.7589	0
132058	0	20.7401	0	0	0	0	0	0	0	0	0	21.6002	0	0.0555229	0	0	0	0	0	0	-3.89526	0	0	0	14.7557	-27.6673	0	0	-36.6949	0	11.1059	0
132059	0	20.962	0	0	0	0	0	0	0	0	0	21.8987	0	-2.82831	0	0	0	0	0	0	-3.7593	0	0	0	15.1349	-28.5371	0	0	-31.1413	0	8.2704	0
132060	0	20.5106	0	0	0	0	0	0	0	0	0	21.4751	0	-4.24367	0	0	0	0	0	0	-4.24998	0	0	0	14.7058	-29.9001	0	0	-30.1418	0	11.8441	0
132061	0	21.1297	0	0	0	0	0	0	0	0	0	22.0033	0	-2.90034	0	0	0	0	0	0	-3.54482	0	0	0	15.3084	-30.5969	0	0	-28.3576	0	6.95825	0
132062	0	20.7593	0	0	0	0	0	0	0	0	0	22.1562	0	-2.49016	0	0	0	0	0	0	-3.9047	0	0	0	15.1528	-27.1125	0	0	-28.1456	0	3.58469	0
132063	0	20.5619	0	0	0	0	0	0	0	0	0	22.058	0	1.22945	0	0	0	0	0	0	-3.90523	0	0	0	14.8433	-28.0127	0	0	-30.4635	0	3.68872	0
132064	0	19.6933	0	0	0	0	0	0	0	0	0	21.3095	0	2.84235	0	0	0	0	0	0	-4.46906	0	0	0	14.164	-29.2293	0	0	-29.7336	0	5.4228	0
132065	0	19.398	0	0	0	0	0	0	0	0	0	21.6002	0	0.861978	0	0	0	0	0	0	-4.17726	0	0	0	14.4727	-29.2563	0	0	-27.9835	0	5.08424	0
132066	0	18.8546	0	0	0	0	0	0	0	0	0	20.9222	0	-2.79324	0	0	0	0	0	0	-4.54907	0	0	0	14.0756	-26.7685	0	0	-26.5492	0	6.80765	0
132067	0	18.5845	0	0	0	0	0	0	0	0	0	20.4599	0	-5.45562	0	0	0	0	0	0	-3.14363	0	0	0	13.6599	-26.9334	0	0	-24.9705	0	7.79883	0
132068	0	17.8287	0	0	0	0	0	0	0	0	0	19.6549	0	-4.79559	0	0	0	0	0	0	-0.362267	0	0	0	13.208	-26.0252	0	0	-26.2488	0	6.74029	0
132069	0	17.7005	0	0	0	0	0	0	0	0	0	19.804	0	-5.63268	0	0	0	0	0	0	-0.396284	0	0	0	13.0396	-26.1762	0	0	-25.4316	0	7.09265	0
132070	0	17.1607	0	0	0	0	0	0	0	0	0	18.7596	0	-5.77801	0	0	0	0	0	0	-0.559423	0	0	0	12.1066	-24.5169	0	0	-25.626	0	8.45346	0
132071	0	16.8145	0	0	0	0	0	0	0	0	0	18.1916	0	-9.25932	0	0	0	0	0	0	-1.88668	0	0	0	11.5987	-24.2724	0	0	-20.2413	0	9.05481	0
132072	0	17.7711	0	0	0	0	0	0	0	0	0	18.9911	0	-10.2123	0	0	0	0	0	0	-6.54077	0	0	0	12.285	-24.2723	0	0	-20.4359	0	12.414	0
132073	0	17.8644	0	0	0	0	0	0	0	0	0	19.0966	0	-12.0767	0	0	0	0	0	0	-4.01885	0	0	0	12.7236	-22.0147	0	0	-23.1494	0	11.575	0
132074	0	18.7414	0	0	0	0	0	0	0	0	0	19.5007	0	-12.918	0	0	0	0	0	0	-2.69044	0	0	0	13.3399	-21.0267	0	0	-24.798	0	9.85117	0
132075	0	18.5054	0	0	0	0	0	0	0	0	0	19.3887	0	-13.9608	0	0	0	0	0	0	-0.0459649	0	0	0	13.5023	-21.6258	0	0	-25.0185	0	9.2547	0
132076	0	19.3409	0	0	0	0	0	0	0	0	0	19.8282	0	-16.2925	0	0	0	0	0	0	-0.217833	0	0	0	14.043	-19.5769	0	0	-23.7117	0	6.58679	0
132077	0	19.3349	0	0	0	0	0	0	0	0	0	19.3688	0	-18.7375	0	0	0	0	0	0	0.290554	0	0	0	13.686	-18.887	0	0	-23.1395	0	8.08371	0
132078	0	18.2584	0	0	0	0	0	0	0	0	0	18.7761	0	-21.6643	0	0	0	0	0	0	4.73149	0	0	0	13.0835	-18.5027	0	0	-22.6236	0	7.94111	0
132079	0	19.3801	0	0	0	0	0	0	0	0	0	19.3293	0	-22.0575	0	0	0	0	0	0	6.37469	0	0	0	14.1692	-17.2055	0	0	-23.7029	0	3.71269	0
132080	0	19.9732	0	0	0	0	0	0	0	0	0	19.9074	0	-24.1618	0	0	0	0	0	0	5.44264	0	0	0	14.644	-18.1672	0	0	-21.9232	0	4.28497	0
132081	0	20.3956	0	0	0	0	0	0	0	0	0	20.1089	0	-21.922	0	0	0	0	0	0	7.45836	0	0	0	14.4032	-21.0648	0	0	-22.1618	0	2.78258	0
132082	0	20.0681	0	0	0	0	0	0	0	0	0	20.0265	0	-23.4208	0	0	0	0	0	0	7.31441	0	0	0	13.9408	-19.3927	0	0	-21.7435	0	3.2071	0
132083	0	19.8381	0	0	0	0	0	0	0	0	0	19.7661	0	-22.5146	0	0	0	0	0	0	7.07102	0	0	0	13.8339	-18.2888	0	0	-22.0631	0	2.3575	0
132084	0	19.6117	0	0	0	0	0	0	0	0	0	19.7486	0	-21.1209	0	0	0	0	0	0	7.37605	0	0	0	14.0759	-18.1001	0	0	-22.3506	0	0.759479	0
132085	0	19.7217	0	0	0	0	0	0	0	0	0	19.6784	0	-22.5192	0	0	0	0	0	0	5.70905	0	0	0	14.1355	-18.5462	0	0	-19.3419	0	1.16255	0
132086	0	19.3293	0	0	0	0	0	0	0	0	0	19.188	0	-20.5682	0	0	0	0	0	0	4.99186	0	0	0	13.9246	-20.8932	0	0	-16.24	0	0.267546	0
132087	0	18.7323	0	0	0	0	0	0	0	0	0	18.645	0	-21.2695	0	0	0	0	0	0	3.09666	0	0	0	13.1301	-19.7306	0	0	-11.9794	0	-0.624396	0
132088	0	18.0407	0	0	0	0	0	0	0	0	0	18.2816	0	-18.0043	0	0	0	0	0	0	2.69881	0	0	0	12.5426	-19.337	0	0	-12.7234	0	-1.49909	0
132089	0	15.4253	0	0	0	0	0	0	0	0	0	15.9719	0	0	0	0	0	0	0	0	0.730025	0	0	0	9.45166	-23.9235	0	0	-13.4171	0	-4.2382	0
132090	0	15.8166	0	0	0	0	0	0	0	0	0	16.245	0	0	0	0	0	0	0	0	1.21355	0	0	0	9.73018	-26.4742	0	0	-12.018	0	-4.51312	0
132091	0	15.6006	0	0	0	0	0	0	0	0	0	16.0804	0	0	0	0	0	0	0	0	-0.1365	0	0	0	9.54596	-25.1938	0	0	-10.6219	0	-5.2748	0
132092	0	15.6598	0	0	0	0	0	0	0	0	0	16.4389	0	0	0	0	0	0	0	0	-1.56511	0	0	0	9.32779	-24.0943	0	0	-10.1699	0	-5.59712	0
132093	0	15.2412	0	0	0	0	0	0	0	0	0	16.2623	0	0	0	0	0	0	0	0	-1.18143	0	0	0	8.89865	-24.618	0	0	-8.30005	0	-6.30274	0
132094	0	15.3571	0	0	0	0	0	0	0	0	0	16.3011	0	0	0	0	0	0	0	0	0.403825	0	0	0	8.74716	-26.0581	0	0	-7.9352	0	-6.81577	0
132095	0	15.7455	0	0	0	0	0	0	0	0	0	16.3806	0	0	0	0	0	0	0	0	-1.92225	0	0	0	8.74244	-26.277	0	0	-5.91689	0	-6.75232	0
132096	0	15.9404	0	0	0	0	0	0	0	0	0	16.5843	0	0	0	0	0	0	0	0	-3.91426	0	0	0	8.89819	-26.7094	0	0	-3.83682	0	-6.96245	0
132097	0	15.6637	0	0	0	0	0	0	0	0	0	16.2767	0	0	0	0	0	0	0	0	-4.7595	0	0	0	8.37804	-25.5128	0	0	-2.52265	0	-7.52342	0
132098	0	15.4415	0	0	0	0	0	0	0	0	0	16.2105	0	0	0	0	0	0	0	0	-4.78702	0	0	0	8.44091	-24.5173	0	0	-2.79205	0	-7.99649	0
132099	0	15.8483	0	0	0	0	0	0	0	0	0	16.62	0	0	0	0	0	0	0	0	-4.20745	0	0	0	8.50967	-25.6609	0	0	-3.22408	0	-7.88556	0
132100	0	15.5305	0	0	0	0	0	0	0	0	0	16.4658	0	0	0	0	0	0	0	0	-4.04286	0	0	0	8.618	-26.7461	0	0	-1.6038	0	-8.22144	0
132101	0	15.3359	0	0	0	0	0	0	0	0	0	16.0547	0	0	0	0	0	0	0	0	-2.35466	0	0	0	8.47955	-28.801	0	0	0	0	-8.71457	0
132102	0	15.0044	0	0	0	0	0	0	0	0	0	16.3131	0	0	0	0	0	0	0	0	-0.790453	0	0	0	8.44475	-29.128	0	0	-0.829282	0	-9.01454	0
132103	0	15.5452	0	0	0	0	0	0	0	0	0	17.0376	0	0	0	0	0	0	0	0	-4.01209	0	0	0	8.69415	-29.9285	0	0	1.4124	0	-8.74882	0
132104	0	16.74	0	0	0	0	0	0	0	0	0	18.0011	0	0	0	0	0	0	0	0	-9.79502	0	0	0	9.7858	-29.1002	0	0	2.69619	0	-8.32784	0
132105	0	16.9682	0	0	0	0	0	0	0	0	0	18.6039	0	0	0	0	0	0	0	0	-9.1586	0	0	0	10.4047	-31.003	0	0	2.22187	0	-8.03703	0
132106	0	16.4842	0	0	0	0	0	0	0	0	0	18.315	0	0	0	0	0	0	0	0	-3.61103	0	0	0	9.5749	-32.4249	0	0	0.287352	0	-8.62548	0
132107	0	16.6864	0	0	0	0	0	0	0	0	0	18.4545	0	0	0	0	0	0	0	0	0.254042	0	0	0	9.70699	-35.3266	0	0	-0.749118	0	-9.02625	0
132108	0	17.7594	0	0	0	0	0	0	0	0	0	19.6779	0	0	0	0	0	0	0	0	0.204256	0	0	0	11.0989	-38.843	0	0	-1.81988	0	-8.07764	0
132109	0	17.4532	0	0	0	0	0	0	0	0	0	19.6657	0	0	0	0	0	0	0	0	1.48465	0	0	0	11.2564	-40.2593	0	0	-1.5015	0	-8.09926	0
132110	0	17.4556	0	0	0	0	0	0	0	0	0	19.6343	0	0	0	0	0	0	0	0	3.5493	0	0	0	11.0646	-40.261	0	0	-3.28028	0	-8.16252	0
132111	0	17.0423	0	0	0	0	0	0	0	0	0	19.069	0	0	0	0	0	0	0	0	4.46125	0	0	0	10.8811	-40.7591	0	0	-2.13058	0	-8.56405	0
132112	0	17.6891	0	0	0	0	0	0	0	0	0	19.8207	0	0	0	0	0	0	0	0	3.00026	0	0	0	11.7368	-41.6212	0	0	-3.09425	0	-7.53141	0
132113	0	18.2842	0	0	0	0	0	0	0	0	0	20.5421	0	0	0	0	0	0	0	0	2.7137	0	0	0	12.6246	-43.3574	0	0	-4.08103	0	-6.7261	0
132114	0	18.0036	0	0	0	0	0	0	0	0	0	20.2607	0	0	0	0	0	0	0	0	4.02538	0	0	0	12.3976	-46.1456	0	0	-1.57843	0	-6.96329	0
132115	0	18.3992	0	0	0	0	0	0	0	0	0	20.2407	0	0	0	0	0	0	0	0	4.65684	0	0	0	12.6863	-47.0993	0	0	-2.58525	0	-6.29851	0
132116	0	17.9528	0	0	0	0	0	0	0	0	0	19.9933	0	0	0	0	0	0	0	0	6.52759	0	0	0	12.3564	-47.7278	0	0	-2.77383	0	-6.32845	0
132117	0	18.1326	0	0	0	0	0	0	0	0	0	20.4808	0	0	0	0	0	0	0	0	6.4904	0	0	0	12.911	-47.4004	0	0	-4.78539	0	-5.8291	0
132118	0	18.9113	0	0	0	0	0	0	0	0	0	21.1	0	0	0	0	0	0	0	0	5.76554	0	0	0	13.7034	-49.495	0	0	-5.07008	0	-4.91513	0
132119	0	20.1537	0	0	0	0	0	0	0	0	0	21.5935	0	-7.72687	0	0	0	0	0	0	4.2528	0	0	0	14.6157	-46.8438	0	0	-2.12269	0	-3.92232	0
132120	0	19.5068	0	0	0	0	0	0	0	0	0	21.4842	0	-6.18617	0	0	0	0	0	0	2.08587	0	0	0	14.5078	-45.2287	0	0	-2.04803	0	-4.12175	0
132121	0	19.0256	0	0	0	0	0	0	0	0	0	20.9251	0	-4.34506	0	0	0	0	0	0	1.5903	0	0	0	13.716	-48.1002	0	0	1.80709	0	-4.61878	0
132122	0	19.0166	0	0	0	0	0	0	0	0	0	20.7549	0	-5.52674	0	0	0	0	0	0	2.59269	0	0	0	13.6896	-49.7859	0	0	3.44963	0	-4.1908	0
132123	0	18.7207	0	0	0	0	0	0	0	0	0	20.3455	0	-3.75452	0	0	0	0	0	0	1.40236	0	0	0	13.3206	-49.867	0	0	4.46754	0	-4.63518	0
132124	0	18.7825	0	0	0	0	0	0	0	0	0	20.2453	0	-3.46187	0	0	0	0	0	0	0.67065	0	0	0	13.1838	-50.4997	0	0	5.59264	0	-4.51334	0
